|  wavelength | response |
|      1000.0 |      0.0 |
|  1003.33444 |      0.0 |
|  1006.66889 |      0.0 |
|  1010.00333 |      0.0 |
|  1013.33778 |      0.0 |
|  1016.67222 |      0.0 |
|  1020.00667 |      0.0 |
|  1023.34111 |      0.0 |
|  1026.67556 |      0.0 |
|     1030.01 |      0.0 |
|  1033.34445 |      0.0 |
|  1036.67889 |      0.0 |
|  1040.01334 |      0.0 |
|  1043.34778 |      0.0 |
|  1046.68223 |      0.0 |
|  1050.01667 |      0.0 |
|  1053.35112 |      0.0 |
|  1056.68556 |      0.0 |
|  1060.02001 |      0.0 |
|  1063.35445 |      0.0 |
|   1066.6889 |      0.0 |
|  1070.02334 |      0.0 |
|  1073.35779 |      0.0 |
|  1076.69223 |      0.0 |
|  1080.02668 |      0.0 |
|  1083.36112 |      0.0 |
|  1086.69557 |      0.0 |
|  1090.03001 |      0.0 |
|  1093.36445 |      0.0 |
|   1096.6989 |      0.0 |
|  1100.03334 |      0.0 |
|  1103.36779 |      0.0 |
|  1106.70223 |      0.0 |
|  1110.03668 |      0.0 |
|  1113.37112 |      0.0 |
|  1116.70557 |      0.0 |
|  1120.04001 |      0.0 |
|  1123.37446 |      0.0 |
|   1126.7089 |      0.0 |
|  1130.04335 |      0.0 |
|  1133.37779 |      0.0 |
|  1136.71224 |      0.0 |
|  1140.04668 |      0.0 |
|  1143.38113 |      0.0 |
|  1146.71557 |      0.0 |
|  1150.05002 |      0.0 |
|  1153.38446 |      0.0 |
|  1156.71891 |      0.0 |
|  1160.05335 |      0.0 |
|   1163.3878 |      0.0 |
|  1166.72224 |      0.0 |
|  1170.05669 |      0.0 |
|  1173.39113 |      0.0 |
|  1176.72558 |      0.0 |
|  1180.06002 |      0.0 |
|  1183.39446 |      0.0 |
|  1186.72891 |      0.0 |
|  1190.06335 |      0.0 |
|   1193.3978 |      0.0 |
|  1196.73224 |      0.0 |
|  1200.06669 |      0.0 |
|  1203.40113 |      0.0 |
|  1206.73558 |      0.0 |
|  1210.07002 |      0.0 |
|  1213.40447 |      0.0 |
|  1216.73891 |      0.0 |
|  1220.07336 |      0.0 |
|   1223.4078 |      0.0 |
|  1226.74225 |      0.0 |
|  1230.07669 |      0.0 |
|  1233.41114 |      0.0 |
|  1236.74558 |      0.0 |
|  1240.08003 |      0.0 |
|  1243.41447 |      0.0 |
|  1246.74892 |      0.0 |
|  1250.08336 |      0.0 |
|  1253.41781 |      0.0 |
|  1256.75225 |      0.0 |
|   1260.0867 |      0.0 |
|  1263.42114 |      0.0 |
|  1266.75559 |      0.0 |
|  1270.09003 |      0.0 |
|  1273.42447 |      0.0 |
|  1276.75892 |      0.0 |
|  1280.09336 |      0.0 |
|  1283.42781 |      0.0 |
|  1286.76225 |      0.0 |
|   1290.0967 |      0.0 |
|  1293.43114 |      0.0 |
|  1296.76559 |      0.0 |
|  1300.10003 |      0.0 |
|  1303.43448 |      0.0 |
|  1306.76892 |      0.0 |
|  1310.10337 |      0.0 |
|  1313.43781 |      0.0 |
|  1316.77226 |      0.0 |
|   1320.1067 |      0.0 |
|  1323.44115 |      0.0 |
|  1326.77559 |      0.0 |
|  1330.11004 |      0.0 |
|  1333.44448 |      0.0 |
|  1336.77893 |      0.0 |
|  1340.11337 |      0.0 |
|  1343.44782 |      0.0 |
|  1346.78226 |      0.0 |
|  1350.11671 |      0.0 |
|  1353.45115 |      0.0 |
|   1356.7856 |      0.0 |
|  1360.12004 |      0.0 |
|  1363.45448 |      0.0 |
|  1366.78893 |      0.0 |
|  1370.12337 |      0.0 |
|  1373.45782 |      0.0 |
|  1376.79226 |      0.0 |
|  1380.12671 |      0.0 |
|  1383.46115 |      0.0 |
|   1386.7956 |      0.0 |
|  1390.13004 |      0.0 |
|  1393.46449 |      0.0 |
|  1396.79893 |      0.0 |
|  1400.13338 |      0.0 |
|  1403.46782 |      0.0 |
|  1406.80227 |      0.0 |
|  1410.13671 |      0.0 |
|  1413.47116 |      0.0 |
|   1416.8056 |      0.0 |
|  1420.14005 |      0.0 |
|  1423.47449 |      0.0 |
|  1426.80894 |      0.0 |
|  1430.14338 |      0.0 |
|  1433.47783 |      0.0 |
|  1436.81227 |      0.0 |
|  1440.14672 |      0.0 |
|  1443.48116 |      0.0 |
|  1446.81561 |      0.0 |
|  1450.15005 |      0.0 |
|  1453.48449 |      0.0 |
|  1456.81894 |      0.0 |
|  1460.15338 |      0.0 |
|  1463.48783 |      0.0 |
|  1466.82227 |      0.0 |
|  1470.15672 |      0.0 |
|  1473.49116 |      0.0 |
|  1476.82561 |      0.0 |
|  1480.16005 |      0.0 |
|   1483.4945 |      0.0 |
|  1486.82894 |      0.0 |
|  1490.16339 |      0.0 |
|  1493.49783 |      0.0 |
|  1496.83228 |      0.0 |
|  1500.16672 |      0.0 |
|  1503.50117 |      0.0 |
|  1506.83561 |      0.0 |
|  1510.17006 |      0.0 |
|   1513.5045 |      0.0 |
|  1516.83895 |      0.0 |
|  1520.17339 |      0.0 |
|  1523.50784 |      0.0 |
|  1526.84228 |      0.0 |
|  1530.17673 |      0.0 |
|  1533.51117 |      0.0 |
|  1536.84562 |      0.0 |
|  1540.18006 |      0.0 |
|   1543.5145 |      0.0 |
|  1546.84895 |      0.0 |
|  1550.18339 |      0.0 |
|  1553.51784 |      0.0 |
|  1556.85228 |      0.0 |
|  1560.18673 |      0.0 |
|  1563.52117 |      0.0 |
|  1566.85562 |      0.0 |
|  1570.19006 |      0.0 |
|  1573.52451 |      0.0 |
|  1576.85895 |      0.0 |
|   1580.1934 |      0.0 |
|  1583.52784 |      0.0 |
|  1586.86229 |      0.0 |
|  1590.19673 |      0.0 |
|  1593.53118 |      0.0 |
|  1596.86562 |      0.0 |
|  1600.20007 |      0.0 |
|  1603.53451 |      0.0 |
|  1606.86896 |      0.0 |
|   1610.2034 |      0.0 |
|  1613.53785 |      0.0 |
|  1616.87229 |      0.0 |
|  1620.20674 |      0.0 |
|  1623.54118 |      0.0 |
|  1626.87563 |      0.0 |
|  1630.21007 |      0.0 |
|  1633.54451 |      0.0 |
|  1636.87896 |      0.0 |
|   1640.2134 |      0.0 |
|  1643.54785 |      0.0 |
|  1646.88229 |      0.0 |
|  1650.21674 |      0.0 |
|  1653.55118 |      0.0 |
|  1656.88563 |      0.0 |
|  1660.22007 |      0.0 |
|  1663.55452 |      0.0 |
|  1666.88896 |      0.0 |
|  1670.22341 |      0.0 |
|  1673.55785 |      0.0 |
|   1676.8923 |      0.0 |
|  1680.22674 |      0.0 |
|  1683.56119 |      0.0 |
|  1686.89563 |      0.0 |
|  1690.23008 |      0.0 |
|  1693.56452 |      0.0 |
|  1696.89897 |      0.0 |
|  1700.23341 |      0.0 |
|  1703.56786 |      0.0 |
|   1706.9023 |      0.0 |
|  1710.23675 |      0.0 |
|  1713.57119 |      0.0 |
|  1716.90564 |      0.0 |
|  1720.24008 |      0.0 |
|  1723.57452 |      0.0 |
|  1726.90897 |      0.0 |
|  1730.24341 |      0.0 |
|  1733.57786 |      0.0 |
|   1736.9123 |      0.0 |
|  1740.24675 |      0.0 |
|  1743.58119 |      0.0 |
|  1746.91564 |      0.0 |
|  1750.25008 |      0.0 |
|  1753.58453 |      0.0 |
|  1756.91897 |      0.0 |
|  1760.25342 |      0.0 |
|  1763.58786 |      0.0 |
|  1766.92231 |      0.0 |
|  1770.25675 |      0.0 |
|   1773.5912 |      0.0 |
|  1776.92564 |      0.0 |
|  1780.26009 |      0.0 |
|  1783.59453 |      0.0 |
|  1786.92898 |      0.0 |
|  1790.26342 |      0.0 |
|  1793.59787 |      0.0 |
|  1796.93231 |      0.0 |
|  1800.26676 |      0.0 |
|   1803.6012 |      0.0 |
|  1806.93565 |      0.0 |
|  1810.27009 |      0.0 |
|  1813.60453 |      0.0 |
|  1816.93898 |      0.0 |
|  1820.27342 |      0.0 |
|  1823.60787 |      0.0 |
|  1826.94231 |      0.0 |
|  1830.27676 |      0.0 |
|   1833.6112 |      0.0 |
|  1836.94565 |      0.0 |
|  1840.28009 |      0.0 |
|  1843.61454 |      0.0 |
|  1846.94898 |      0.0 |
|  1850.28343 |      0.0 |
|  1853.61787 |      0.0 |
|  1856.95232 |      0.0 |
|  1860.28676 |      0.0 |
|  1863.62121 |      0.0 |
|  1866.95565 |      0.0 |
|   1870.2901 |      0.0 |
|  1873.62454 |      0.0 |
|  1876.95899 |      0.0 |
|  1880.29343 |      0.0 |
|  1883.62788 |      0.0 |
|  1886.96232 |      0.0 |
|  1890.29677 |      0.0 |
|  1893.63121 |      0.0 |
|  1896.96566 |      0.0 |
|   1900.3001 |      0.0 |
|  1903.63454 |      0.0 |
|  1906.96899 |      0.0 |
|  1910.30343 |      0.0 |
|  1913.63788 |      0.0 |
|  1916.97232 |      0.0 |
|  1920.30677 |      0.0 |
|  1923.64121 |      0.0 |
|  1926.97566 |      0.0 |
|   1930.3101 |      0.0 |
|  1933.64455 |      0.0 |
|  1936.97899 |      0.0 |
|  1940.31344 |      0.0 |
|  1943.64788 |      0.0 |
|  1946.98233 |      0.0 |
|  1950.31677 |      0.0 |
|  1953.65122 |      0.0 |
|  1956.98566 |      0.0 |
|  1960.32011 |      0.0 |
|  1963.65455 |      0.0 |
|    1966.989 |      0.0 |
|  1970.32344 |      0.0 |
|  1973.65789 |      0.0 |
|  1976.99233 |      0.0 |
|  1980.32678 |      0.0 |
|  1983.66122 |      0.0 |
|  1986.99567 |      0.0 |
|  1990.33011 |      0.0 |
|  1993.66455 |      0.0 |
|    1996.999 |      0.0 |
|  2000.33344 |      0.0 |
|  2003.66789 |      0.0 |
|  2007.00233 |      0.0 |
|  2010.33678 |      0.0 |
|  2013.67122 |      0.0 |
|  2017.00567 |      0.0 |
|  2020.34011 |      0.0 |
|  2023.67456 |      0.0 |
|    2027.009 |      0.0 |
|  2030.34345 |      0.0 |
|  2033.67789 |      0.0 |
|  2037.01234 |      0.0 |
|  2040.34678 |      0.0 |
|  2043.68123 |      0.0 |
|  2047.01567 |      0.0 |
|  2050.35012 |      0.0 |
|  2053.68456 |      0.0 |
|  2057.01901 |      0.0 |
|  2060.35345 |      0.0 |
|   2063.6879 |      0.0 |
|  2067.02234 |      0.0 |
|  2070.35679 |      0.0 |
|  2073.69123 |      0.0 |
|  2077.02568 |      0.0 |
|  2080.36012 |      0.0 |
|  2083.69456 |      0.0 |
|  2087.02901 |      0.0 |
|  2090.36345 |      0.0 |
|   2093.6979 |      0.0 |
|  2097.03234 |      0.0 |
|  2100.36679 |      0.0 |
|  2103.70123 |      0.0 |
|  2107.03568 |      0.0 |
|  2110.37012 |      0.0 |
|  2113.70457 |      0.0 |
|  2117.03901 |      0.0 |
|  2120.37346 |      0.0 |
|   2123.7079 |      0.0 |
|  2127.04235 |      0.0 |
|  2130.37679 |      0.0 |
|  2133.71124 |      0.0 |
|  2137.04568 |      0.0 |
|  2140.38013 |      0.0 |
|  2143.71457 |      0.0 |
|  2147.04902 |      0.0 |
|  2150.38346 |      0.0 |
|  2153.71791 |      0.0 |
|  2157.05235 |      0.0 |
|   2160.3868 |      0.0 |
|  2163.72124 |      0.0 |
|  2167.05569 |      0.0 |
|  2170.39013 |      0.0 |
|  2173.72457 |      0.0 |
|  2177.05902 |      0.0 |
|  2180.39346 |      0.0 |
|  2183.72791 |      0.0 |
|  2187.06235 |      0.0 |
|   2190.3968 |      0.0 |
|  2193.73124 |      0.0 |
|  2197.06569 |      0.0 |
|  2200.40013 |      0.0 |
|  2203.73458 |      0.0 |
|  2207.06902 |      0.0 |
|  2210.40347 |      0.0 |
|  2213.73791 |      0.0 |
|  2217.07236 |      0.0 |
|   2220.4068 |      0.0 |
|  2223.74125 |      0.0 |
|  2227.07569 |      0.0 |
|  2230.41014 |      0.0 |
|  2233.74458 |      0.0 |
|  2237.07903 |      0.0 |
|  2240.41347 |      0.0 |
|  2243.74792 |      0.0 |
|  2247.08236 |      0.0 |
|  2250.41681 |      0.0 |
|  2253.75125 |      0.0 |
|   2257.0857 |      0.0 |
|  2260.42014 |      0.0 |
|  2263.75458 |      0.0 |
|  2267.08903 |      0.0 |
|  2270.42347 |      0.0 |
|  2273.75792 |      0.0 |
|  2277.09236 |      0.0 |
|  2280.42681 |      0.0 |
|  2283.76125 |      0.0 |
|   2287.0957 |      0.0 |
|  2290.43014 |      0.0 |
|  2293.76459 |      0.0 |
|  2297.09903 |      0.0 |
|  2300.43348 |      0.0 |
|  2303.76792 |      0.0 |
|  2307.10237 |      0.0 |
|  2310.43681 |      0.0 |
|  2313.77126 |      0.0 |
|   2317.1057 |      0.0 |
|  2320.44015 |      0.0 |
|  2323.77459 |      0.0 |
|  2327.10904 |      0.0 |
|  2330.44348 |      0.0 |
|  2333.77793 |      0.0 |
|  2337.11237 |      0.0 |
|  2340.44682 |      0.0 |
|  2343.78126 |      0.0 |
|  2347.11571 |      0.0 |
|  2350.45015 |      0.0 |
|  2353.78459 |      0.0 |
|  2357.11904 |      0.0 |
|  2360.45348 |      0.0 |
|  2363.78793 |      0.0 |
|  2367.12237 |      0.0 |
|  2370.45682 |      0.0 |
|  2373.79126 |      0.0 |
|  2377.12571 |      0.0 |
|  2380.46015 |      0.0 |
|   2383.7946 |      0.0 |
|  2387.12904 |      0.0 |
|  2390.46349 |      0.0 |
|  2393.79793 |      0.0 |
|  2397.13238 |      0.0 |
|  2400.46682 |      0.0 |
|  2403.80127 |      0.0 |
|  2407.13571 |      0.0 |
|  2410.47016 |      0.0 |
|   2413.8046 |      0.0 |
|  2417.13905 |      0.0 |
|  2420.47349 |      0.0 |
|  2423.80794 |      0.0 |
|  2427.14238 |      0.0 |
|  2430.47683 |      0.0 |
|  2433.81127 |      0.0 |
|  2437.14572 |      0.0 |
|  2440.48016 |      0.0 |
|   2443.8146 |      0.0 |
|  2447.14905 |      0.0 |
|  2450.48349 |      0.0 |
|  2453.81794 |      0.0 |
|  2457.15238 |      0.0 |
|  2460.48683 |      0.0 |
|  2463.82127 |      0.0 |
|  2467.15572 |      0.0 |
|  2470.49016 |      0.0 |
|  2473.82461 |      0.0 |
|  2477.15905 |      0.0 |
|   2480.4935 |      0.0 |
|  2483.82794 |      0.0 |
|  2487.16239 |      0.0 |
|  2490.49683 |      0.0 |
|  2493.83128 |      0.0 |
|  2497.16572 |      0.0 |
|  2500.50017 |      0.0 |
|  2503.83461 |      0.0 |
|  2507.16906 |      0.0 |
|   2510.5035 |      0.0 |
|  2513.83795 |      0.0 |
|  2517.17239 |      0.0 |
|  2520.50684 |      0.0 |
|  2523.84128 |      0.0 |
|  2527.17573 |      0.0 |
|  2530.51017 |      0.0 |
|  2533.84461 |      0.0 |
|  2537.17906 |      0.0 |
|   2540.5135 |      0.0 |
|  2543.84795 |      0.0 |
|  2547.18239 |      0.0 |
|  2550.51684 |      0.0 |
|  2553.85128 |      0.0 |
|  2557.18573 |      0.0 |
|  2560.52017 |      0.0 |
|  2563.85462 |      0.0 |
|  2567.18906 |      0.0 |
|  2570.52351 |      0.0 |
|  2573.85795 |      0.0 |
|   2577.1924 |      0.0 |
|  2580.52684 |      0.0 |
|  2583.86129 |      0.0 |
|  2587.19573 |      0.0 |
|  2590.53018 |      0.0 |
|  2593.86462 |      0.0 |
|  2597.19907 |      0.0 |
|  2600.53351 |      0.0 |
|  2603.86796 |      0.0 |
|   2607.2024 |      0.0 |
|  2610.53685 |      0.0 |
|  2613.87129 |      0.0 |
|  2617.20574 |      0.0 |
|  2620.54018 |      0.0 |
|  2623.87462 |      0.0 |
|  2627.20907 |      0.0 |
|  2630.54351 |      0.0 |
|  2633.87796 |      0.0 |
|   2637.2124 |      0.0 |
|  2640.54685 |      0.0 |
|  2643.88129 |      0.0 |
|  2647.21574 |      0.0 |
|  2650.55018 |      0.0 |
|  2653.88463 |      0.0 |
|  2657.21907 |      0.0 |
|  2660.55352 |      0.0 |
|  2663.88796 |      0.0 |
|  2667.22241 |      0.0 |
|  2670.55685 |      0.0 |
|   2673.8913 |      0.0 |
|  2677.22574 |      0.0 |
|  2680.56019 |      0.0 |
|  2683.89463 |      0.0 |
|  2687.22908 |      0.0 |
|  2690.56352 |      0.0 |
|  2693.89797 |      0.0 |
|  2697.23241 |      0.0 |
|  2700.56686 |      0.0 |
|   2703.9013 |      0.0 |
|  2707.23575 |      0.0 |
|  2710.57019 |      0.0 |
|  2713.90463 |      0.0 |
|  2717.23908 |      0.0 |
|  2720.57352 |      0.0 |
|  2723.90797 |      0.0 |
|  2727.24241 |      0.0 |
|  2730.57686 |      0.0 |
|   2733.9113 |      0.0 |
|  2737.24575 |      0.0 |
|  2740.58019 |      0.0 |
|  2743.91464 |      0.0 |
|  2747.24908 |      0.0 |
|  2750.58353 |      0.0 |
|  2753.91797 |      0.0 |
|  2757.25242 |      0.0 |
|  2760.58686 |      0.0 |
|  2763.92131 |      0.0 |
|  2767.25575 |      0.0 |
|   2770.5902 |      0.0 |
|  2773.92464 |      0.0 |
|  2777.25909 |      0.0 |
|  2780.59353 |      0.0 |
|  2783.92798 |      0.0 |
|  2787.26242 |      0.0 |
|  2790.59687 |      0.0 |
|  2793.93131 |      0.0 |
|  2797.26576 |      0.0 |
|   2800.6002 |      0.0 |
|  2803.93464 |      0.0 |
|  2807.26909 |      0.0 |
|  2810.60353 |      0.0 |
|  2813.93798 |      0.0 |
|  2817.27242 |      0.0 |
|  2820.60687 |      0.0 |
|  2823.94131 |      0.0 |
|  2827.27576 |      0.0 |
|   2830.6102 |      0.0 |
|  2833.94465 |      0.0 |
|  2837.27909 |      0.0 |
|  2840.61354 |      0.0 |
|  2843.94798 |      0.0 |
|  2847.28243 |      0.0 |
|  2850.61687 |      0.0 |
|  2853.95132 |      0.0 |
|  2857.28576 |      0.0 |
|  2860.62021 |      0.0 |
|  2863.95465 |      0.0 |
|   2867.2891 |      0.0 |
|  2870.62354 |      0.0 |
|  2873.95799 |      0.0 |
|  2877.29243 |      0.0 |
|  2880.62688 |      0.0 |
|  2883.96132 |      0.0 |
|  2887.29577 |      0.0 |
|  2890.63021 |      0.0 |
|  2893.96465 |      0.0 |
|   2897.2991 |      0.0 |
|  2900.63354 |      0.0 |
|  2903.96799 |      0.0 |
|  2907.30243 |      0.0 |
|  2910.63688 |      0.0 |
|  2913.97132 |      0.0 |
|  2917.30577 |      0.0 |
|  2920.64021 |      0.0 |
|  2923.97466 |      0.0 |
|   2927.3091 |      0.0 |
|  2930.64355 |      0.0 |
|  2933.97799 |      0.0 |
|  2937.31244 |      0.0 |
|  2940.64688 |      0.0 |
|  2943.98133 |      0.0 |
|  2947.31577 |      0.0 |
|  2950.65022 |      0.0 |
|  2953.98466 |      0.0 |
|  2957.31911 |      0.0 |
|  2960.65355 |      0.0 |
|    2963.988 |      0.0 |
|  2967.32244 |      0.0 |
|  2970.65689 |      0.0 |
|  2973.99133 |      0.0 |
|  2977.32578 |      0.0 |
|  2980.66022 |      0.0 |
|  2983.99466 |      0.0 |
|  2987.32911 |      0.0 |
|  2990.66355 |      0.0 |
|    2993.998 |      0.0 |
|  2997.33244 |      0.0 |
|  3000.66689 |      0.0 |
|  3004.00133 |      0.0 |
|  3007.33578 |      0.0 |
|  3010.67022 |      0.0 |
|  3014.00467 |      0.0 |
|  3017.33911 |      0.0 |
|  3020.67356 |      0.0 |
|    3024.008 |      0.0 |
|  3027.34245 |      0.0 |
|  3030.67689 |      0.0 |
|  3034.01134 |      0.0 |
|  3037.34578 |      0.0 |
|  3040.68023 |      0.0 |
|  3044.01467 |      0.0 |
|  3047.34912 |      0.0 |
|  3050.68356 |      0.0 |
|  3054.01801 |      0.0 |
|  3057.35245 |      0.0 |
|   3060.6869 |      0.0 |
|  3064.02134 |      0.0 |
|  3067.35579 |      0.0 |
|  3070.69023 |      0.0 |
|  3074.02467 |      0.0 |
|  3077.35912 |      0.0 |
|  3080.69356 |      0.0 |
|  3084.02801 |      0.0 |
|  3087.36245 |      0.0 |
|   3090.6969 |      0.0 |
|  3094.03134 |      0.0 |
|  3097.36579 |      0.0 |
|  3100.70023 |      0.0 |
|  3104.03468 |      0.0 |
|  3107.36912 |      0.0 |
|  3110.70357 |      0.0 |
|  3114.03801 |      0.0 |
|  3117.37246 |      0.0 |
|   3120.7069 |      0.0 |
|  3124.04135 |      0.0 |
|  3127.37579 |      0.0 |
|  3130.71024 |      0.0 |
|  3134.04468 |      0.0 |
|  3137.37913 |      0.0 |
|  3140.71357 |      0.0 |
|  3144.04802 |      0.0 |
|  3147.38246 |      0.0 |
|  3150.71691 |      0.0 |
|  3154.05135 |      0.0 |
|   3157.3858 |      0.0 |
|  3160.72024 |      0.0 |
|  3164.05468 |      0.0 |
|  3167.38913 |      0.0 |
|  3170.72357 |      0.0 |
|  3174.05802 |      0.0 |
|  3177.39246 |      0.0 |
|  3180.72691 |      0.0 |
|  3184.06135 |      0.0 |
|   3187.3958 |      0.0 |
|  3190.73024 |      0.0 |
|  3194.06469 |      0.0 |
|  3197.39913 |      0.0 |
|  3200.73358 |      0.0 |
|  3204.06802 |      0.0 |
|  3207.40247 |      0.0 |
|  3210.73691 |      0.0 |
|  3214.07136 |      0.0 |
|   3217.4058 |      0.0 |
|  3220.74025 |      0.0 |
|  3224.07469 |      0.0 |
|  3227.40914 |      0.0 |
|  3230.74358 |      0.0 |
|  3234.07803 |      0.0 |
|  3237.41247 |      0.0 |
|  3240.74692 |      0.0 |
|  3244.08136 |      0.0 |
|  3247.41581 |      0.0 |
|  3250.75025 |      0.0 |
|  3254.08469 |      0.0 |
|  3257.41914 |      0.0 |
|  3260.75358 |      0.0 |
|  3264.08803 |      0.0 |
|  3267.42247 |      0.0 |
|  3270.75692 |      0.0 |
|  3274.09136 |      0.0 |
|  3277.42581 |      0.0 |
|  3280.76025 |      0.0 |
|   3284.0947 |      0.0 |
|  3287.42914 |      0.0 |
|  3290.76359 |      0.0 |
|  3294.09803 |      0.0 |
|  3297.43248 |      0.0 |
|  3300.76692 |      0.0 |
|  3304.10137 |      0.0 |
|  3307.43581 |      0.0 |
|  3310.77026 |      0.0 |
|   3314.1047 |      0.0 |
|  3317.43915 |      0.0 |
|  3320.77359 |      0.0 |
|  3324.10804 |      0.0 |
|  3327.44248 |      0.0 |
|  3330.77693 |      0.0 |
|  3334.11137 |      0.0 |
|  3337.44582 |      0.0 |
|  3340.78026 |      0.0 |
|   3344.1147 |      0.0 |
|  3347.44915 |      0.0 |
|  3350.78359 |      0.0 |
|  3354.11804 |      0.0 |
|  3357.45248 |      0.0 |
|  3360.78693 |      0.0 |
|  3364.12137 |      0.0 |
|  3367.45582 |      0.0 |
|  3370.79026 |      0.0 |
|  3374.12471 |      0.0 |
|  3377.45915 |      0.0 |
|   3380.7936 |      0.0 |
|  3384.12804 |      0.0 |
|  3387.46249 |      0.0 |
|  3390.79693 |      0.0 |
|  3394.13138 |      0.0 |
|  3397.46582 |      0.0 |
|  3400.80027 |      0.0 |
|  3404.13471 |      0.0 |
|  3407.46916 |      0.0 |
|   3410.8036 |      0.0 |
|  3414.13805 |      0.0 |
|  3417.47249 |      0.0 |
|  3420.80694 |      0.0 |
|  3424.14138 |      0.0 |
|  3427.47583 |      0.0 |
|  3430.81027 |      0.0 |
|  3434.14471 |      0.0 |
|  3437.47916 |      0.0 |
|   3440.8136 |      0.0 |
|  3444.14805 |      0.0 |
|  3447.48249 |      0.0 |
|  3450.81694 |      0.0 |
|  3454.15138 |      0.0 |
|  3457.48583 |      0.0 |
|  3460.82027 |      0.0 |
|  3464.15472 |      0.0 |
|  3467.48916 |      0.0 |
|  3470.82361 |      0.0 |
|  3474.15805 |      0.0 |
|   3477.4925 |      0.0 |
|  3480.82694 |      0.0 |
|  3484.16139 |      0.0 |
|  3487.49583 |      0.0 |
|  3490.83028 |      0.0 |
|  3494.16472 |      0.0 |
|  3497.49917 |      0.0 |
|  3500.83361 |      0.0 |
|  3504.16806 |      0.0 |
|   3507.5025 |      0.0 |
|  3510.83695 |      0.0 |
|  3514.17139 |      0.0 |
|  3517.50584 |      0.0 |
|  3520.84028 |      0.0 |
|  3524.17472 |      0.0 |
|  3527.50917 |      0.0 |
|  3530.84361 |      0.0 |
|  3534.17806 |      0.0 |
|   3537.5125 |      0.0 |
|  3540.84695 |      0.0 |
|  3544.18139 |      0.0 |
|  3547.51584 |      0.0 |
|  3550.85028 |      0.0 |
|  3554.18473 |      0.0 |
|  3557.51917 |      0.0 |
|  3560.85362 |      0.0 |
|  3564.18806 |      0.0 |
|  3567.52251 |      0.0 |
|  3570.85695 |      0.0 |
|   3574.1914 |      0.0 |
|  3577.52584 |      0.0 |
|  3580.86029 |      0.0 |
|  3584.19473 |      0.0 |
|  3587.52918 |      0.0 |
|  3590.86362 |      0.0 |
|  3594.19807 |      0.0 |
|  3597.53251 |      0.0 |
|  3600.86696 |      0.0 |
|   3604.2014 |      0.0 |
|  3607.53585 |      0.0 |
|  3610.87029 |      0.0 |
|  3614.20473 |      0.0 |
|  3617.53918 |      0.0 |
|  3620.87362 |      0.0 |
|  3624.20807 |      0.0 |
|  3627.54251 |      0.0 |
|  3630.87696 |      0.0 |
|   3634.2114 |      0.0 |
|  3637.54585 |      0.0 |
|  3640.88029 |      0.0 |
|  3644.21474 |      0.0 |
|  3647.54918 |      0.0 |
|  3650.88363 |      0.0 |
|  3654.21807 |      0.0 |
|  3657.55252 |      0.0 |
|  3660.88696 |      0.0 |
|  3664.22141 |      0.0 |
|  3667.55585 |      0.0 |
|   3670.8903 |      0.0 |
|  3674.22474 |      0.0 |
|  3677.55919 |      0.0 |
|  3680.89363 |      0.0 |
|  3684.22808 |      0.0 |
|  3687.56252 |      0.0 |
|  3690.89697 |      0.0 |
|  3694.23141 |      0.0 |
|  3697.56586 |      0.0 |
|   3700.9003 |      0.0 |
|  3704.23474 |      0.0 |
|  3707.56919 |      0.0 |
|  3710.90363 |      0.0 |
|  3714.23808 |      0.0 |
|  3717.57252 |      0.0 |
|  3720.90697 |      0.0 |
|  3724.24141 |      0.0 |
|  3727.57586 |      0.0 |
|   3730.9103 |      0.0 |
|  3734.24475 |      0.0 |
|  3737.57919 |      0.0 |
|  3740.91364 |      0.0 |
|  3744.24808 |      0.0 |
|  3747.58253 |      0.0 |
|  3750.91697 |      0.0 |
|  3754.25142 |      0.0 |
|  3757.58586 |      0.0 |
|  3760.92031 |      0.0 |
|  3764.25475 |      0.0 |
|   3767.5892 |      0.0 |
|  3770.92364 |      0.0 |
|  3774.25809 |      0.0 |
|  3777.59253 |      0.0 |
|  3780.92698 |      0.0 |
|  3784.26142 |      0.0 |
|  3787.59587 |      0.0 |
|  3790.93031 |      0.0 |
|  3794.26475 |      0.0 |
|   3797.5992 |      0.0 |
|  3800.93364 |      0.0 |
|  3804.26809 |      0.0 |
|  3807.60253 |      0.0 |
|  3810.93698 |      0.0 |
|  3814.27142 |      0.0 |
|  3817.60587 |      0.0 |
|  3820.94031 |      0.0 |
|  3824.27476 |      0.0 |
|   3827.6092 |      0.0 |
|  3830.94365 |      0.0 |
|  3834.27809 |      0.0 |
|  3837.61254 |      0.0 |
|  3840.94698 |      0.0 |
|  3844.28143 |      0.0 |
|  3847.61587 |      0.0 |
|  3850.95032 |      0.0 |
|  3854.28476 |      0.0 |
|  3857.61921 |      0.0 |
|  3860.95365 |      0.0 |
|   3864.2881 |      0.0 |
|  3867.62254 |      0.0 |
|  3870.95699 |      0.0 |
|  3874.29143 |      0.0 |
|  3877.62588 |      0.0 |
|  3880.96032 |      0.0 |
|  3884.29476 |      0.0 |
|  3887.62921 |      0.0 |
|  3890.96365 |      0.0 |
|   3894.2981 |      0.0 |
|  3897.63254 |      0.0 |
|  3900.96699 |      0.0 |
|  3904.30143 |      0.0 |
|  3907.63588 |      0.0 |
|  3910.97032 |      0.0 |
|  3914.30477 |      0.0 |
|  3917.63921 |      0.0 |
|  3920.97366 |      0.0 |
|   3924.3081 |      0.0 |
|  3927.64255 |      0.0 |
|  3930.97699 |      0.0 |
|  3934.31144 |      0.0 |
|  3937.64588 |      0.0 |
|  3940.98033 |      0.0 |
|  3944.31477 |      0.0 |
|  3947.64922 |      0.0 |
|  3950.98366 |      0.0 |
|  3954.31811 |      0.0 |
|  3957.65255 |      0.0 |
|    3960.987 |      0.0 |
|  3964.32144 |      0.0 |
|  3967.65589 |      0.0 |
|  3970.99033 |      0.0 |
|  3974.32477 |      0.0 |
|  3977.65922 |      0.0 |
|  3980.99366 |      0.0 |
|  3984.32811 |      0.0 |
|  3987.66255 |      0.0 |
|    3990.997 |      0.0 |
|  3994.33144 |      0.0 |
|  3997.66589 |      0.0 |
|  4001.00033 |      0.0 |
|  4004.33478 |      0.0 |
|  4007.66922 |      0.0 |
|  4011.00367 |      0.0 |
|  4014.33811 |      0.0 |
|  4017.67256 |      0.0 |
|    4021.007 |      0.0 |
|  4024.34145 |      0.0 |
|  4027.67589 |      0.0 |
|  4031.01034 |      0.0 |
|  4034.34478 |      0.0 |
|  4037.67923 |      0.0 |
|  4041.01367 |      0.0 |
|  4044.34812 |      0.0 |
|  4047.68256 |      0.0 |
|  4051.01701 |      0.0 |
|  4054.35145 |      0.0 |
|   4057.6859 |      0.0 |
|  4061.02034 |      0.0 |
|  4064.35478 |      0.0 |
|  4067.68923 |      0.0 |
|  4071.02367 |      0.0 |
|  4074.35812 |      0.0 |
|  4077.69256 |      0.0 |
|  4081.02701 |      0.0 |
|  4084.36145 |      0.0 |
|   4087.6959 |      0.0 |
|  4091.03034 |      0.0 |
|  4094.36479 |      0.0 |
|  4097.69923 |      0.0 |
|  4101.03368 |      0.0 |
|  4104.36812 |      0.0 |
|  4107.70257 |      0.0 |
|  4111.03701 |      0.0 |
|  4114.37146 |      0.0 |
|   4117.7059 |      0.0 |
|  4121.04035 |      0.0 |
|  4124.37479 |      0.0 |
|  4127.70924 |      0.0 |
|  4131.04368 |      0.0 |
|  4134.37813 |      0.0 |
|  4137.71257 |      0.0 |
|  4141.04702 |      0.0 |
|  4144.38146 |      0.0 |
|  4147.71591 |      0.0 |
|  4151.05035 |      0.0 |
|  4154.38479 |      0.0 |
|  4157.71924 |      0.0 |
|  4161.05368 |      0.0 |
|  4164.38813 |      0.0 |
|  4167.72257 |      0.0 |
|  4171.05702 |      0.0 |
|  4174.39146 |      0.0 |
|  4177.72591 |      0.0 |
|  4181.06035 |      0.0 |
|   4184.3948 |      0.0 |
|  4187.72924 |      0.0 |
|  4191.06369 |      0.0 |
|  4194.39813 |      0.0 |
|  4197.73258 |      0.0 |
|  4201.06702 |      0.0 |
|  4204.40147 |      0.0 |
|  4207.73591 |      0.0 |
|  4211.07036 |      0.0 |
|   4214.4048 |      0.0 |
|  4217.73925 |      0.0 |
|  4221.07369 |      0.0 |
|  4224.40814 |      0.0 |
|  4227.74258 |      0.0 |
|  4231.07703 |      0.0 |
|  4234.41147 |      0.0 |
|  4237.74592 |      0.0 |
|  4241.08036 |      0.0 |
|   4244.4148 |      0.0 |
|  4247.74925 |      0.0 |
|  4251.08369 |      0.0 |
|  4254.41814 |      0.0 |
|  4257.75258 |      0.0 |
|  4261.08703 |      0.0 |
|  4264.42147 |      0.0 |
|  4267.75592 |      0.0 |
|  4271.09036 |      0.0 |
|  4274.42481 |      0.0 |
|  4277.75925 |      0.0 |
|   4281.0937 |      0.0 |
|  4284.42814 |      0.0 |
|  4287.76259 |      0.0 |
|  4291.09703 |      0.0 |
|  4294.43148 |      0.0 |
|  4297.76592 |      0.0 |
|  4301.10037 |      0.0 |
|  4304.43481 |      0.0 |
|  4307.76926 |      0.0 |
|   4311.1037 |      0.0 |
|  4314.43815 |      0.0 |
|  4317.77259 |      0.0 |
|  4321.10704 |      0.0 |
|  4324.44148 |      0.0 |
|  4327.77593 |      0.0 |
|  4331.11037 |      0.0 |
|  4334.44481 |      0.0 |
|  4337.77926 |      0.0 |
|   4341.1137 |      0.0 |
|  4344.44815 |      0.0 |
|  4347.78259 |      0.0 |
|  4351.11704 |      0.0 |
|  4354.45148 |      0.0 |
|  4357.78593 |      0.0 |
|  4361.12037 |      0.0 |
|  4364.45482 |      0.0 |
|  4367.78926 |      0.0 |
|  4371.12371 |      0.0 |
|  4374.45815 |      0.0 |
|   4377.7926 |      0.0 |
|  4381.12704 |      0.0 |
|  4384.46149 |      0.0 |
|  4387.79593 |      0.0 |
|  4391.13038 |      0.0 |
|  4394.46482 |      0.0 |
|  4397.79927 |      0.0 |
|  4401.13371 |      0.0 |
|  4404.46816 |      0.0 |
|   4407.8026 |      0.0 |
|  4411.13705 |      0.0 |
|  4414.47149 |      0.0 |
|  4417.80594 |      0.0 |
|  4421.14038 |      0.0 |
|  4424.47482 |      0.0 |
|  4427.80927 |      0.0 |
|  4431.14371 |      0.0 |
|  4434.47816 |      0.0 |
|   4437.8126 |      0.0 |
|  4441.14705 |      0.0 |
|  4444.48149 |      0.0 |
|  4447.81594 |      0.0 |
|  4451.15038 |      0.0 |
|  4454.48483 |      0.0 |
|  4457.81927 |      0.0 |
|  4461.15372 |      0.0 |
|  4464.48816 |      0.0 |
|  4467.82261 |      0.0 |
|  4471.15705 |      0.0 |
|   4474.4915 |      0.0 |
|  4477.82594 |      0.0 |
|  4481.16039 |      0.0 |
|  4484.49483 |      0.0 |
|  4487.82928 |      0.0 |
|  4491.16372 |      0.0 |
|  4494.49817 |      0.0 |
|  4497.83261 |      0.0 |
|  4501.16706 |      0.0 |
|   4504.5015 |      0.0 |
|  4507.83595 |      0.0 |
|  4511.17039 |      0.0 |
|  4514.50483 |      0.0 |
|  4517.83928 |      0.0 |
|  4521.17372 |      0.0 |
|  4524.50817 |      0.0 |
|  4527.84261 |      0.0 |
|  4531.17706 |      0.0 |
|   4534.5115 |      0.0 |
|  4537.84595 |      0.0 |
|  4541.18039 |      0.0 |
|  4544.51484 |      0.0 |
|  4547.84928 |      0.0 |
|  4551.18373 |      0.0 |
|  4554.51817 |      0.0 |
|  4557.85262 |      0.0 |
|  4561.18706 |      0.0 |
|  4564.52151 |      0.0 |
|  4567.85595 |      0.0 |
|   4571.1904 |      0.0 |
|  4574.52484 |      0.0 |
|  4577.85929 |      0.0 |
|  4581.19373 |      0.0 |
|  4584.52818 |      0.0 |
|  4587.86262 |      0.0 |
|  4591.19707 |      0.0 |
|  4594.53151 |      0.0 |
|  4597.86596 |      0.0 |
|   4601.2004 |      0.0 |
|  4604.53484 |      0.0 |
|  4607.86929 |      0.0 |
|  4611.20373 |      0.0 |
|  4614.53818 |      0.0 |
|  4617.87262 |      0.0 |
|  4621.20707 |      0.0 |
|  4624.54151 |      0.0 |
|  4627.87596 |      0.0 |
|   4631.2104 |      0.0 |
|  4634.54485 |      0.0 |
|  4637.87929 |      0.0 |
|  4641.21374 |      0.0 |
|  4644.54818 |      0.0 |
|  4647.88263 |      0.0 |
|  4651.21707 |      0.0 |
|  4654.55152 |      0.0 |
|  4657.88596 |      0.0 |
|  4661.22041 |      0.0 |
|  4664.55485 |      0.0 |
|   4667.8893 |      0.0 |
|  4671.22374 |      0.0 |
|  4674.55819 |      0.0 |
|  4677.89263 |      0.0 |
|  4681.22708 |      0.0 |
|  4684.56152 |      0.0 |
|  4687.89597 |      0.0 |
|  4691.23041 |      0.0 |
|  4694.56485 |      0.0 |
|   4697.8993 |      0.0 |
|  4701.23374 |      0.0 |
|  4704.56819 |      0.0 |
|  4707.90263 |      0.0 |
|  4711.23708 |      0.0 |
|  4714.57152 |      0.0 |
|  4717.90597 |      0.0 |
|  4721.24041 |      0.0 |
|  4724.57486 |      0.0 |
|   4727.9093 |      0.0 |
|  4731.24375 |      0.0 |
|  4734.57819 |      0.0 |
|  4737.91264 |      0.0 |
|  4741.24708 |      0.0 |
|  4744.58153 |      0.0 |
|  4747.91597 |      0.0 |
|  4751.25042 |      0.0 |
|  4754.58486 |      0.0 |
|  4757.91931 |      0.0 |
|  4761.25375 |      0.0 |
|   4764.5882 |      0.0 |
|  4767.92264 |      0.0 |
|  4771.25709 |      0.0 |
|  4774.59153 |      0.0 |
|  4777.92598 |      0.0 |
|  4781.26042 |      0.0 |
|  4784.59486 |      0.0 |
|  4787.92931 |      0.0 |
|  4791.26375 |      0.0 |
|   4794.5982 |      0.0 |
|  4797.93264 |      0.0 |
|  4801.26709 |      0.0 |
|  4804.60153 |      0.0 |
|  4807.93598 |      0.0 |
|  4811.27042 |      0.0 |
|  4814.60487 |      0.0 |
|  4817.93931 |      0.0 |
|  4821.27376 |      0.0 |
|   4824.6082 |      0.0 |
|  4827.94265 |      0.0 |
|  4831.27709 |      0.0 |
|  4834.61154 |      0.0 |
|  4837.94598 |      0.0 |
|  4841.28043 |      0.0 |
|  4844.61487 |      0.0 |
|  4847.94932 |      0.0 |
|  4851.28376 |      0.0 |
|  4854.61821 |      0.0 |
|  4857.95265 |      0.0 |
|   4861.2871 |      0.0 |
|  4864.62154 |      0.0 |
|  4867.95599 |      0.0 |
|  4871.29043 |      0.0 |
|  4874.62487 |      0.0 |
|  4877.95932 |      0.0 |
|  4881.29376 |      0.0 |
|  4884.62821 |      0.0 |
|  4887.96265 |      0.0 |
|   4891.2971 |      0.0 |
|  4894.63154 |      0.0 |
|  4897.96599 |      0.0 |
|  4901.30043 |      0.0 |
|  4904.63488 |      0.0 |
|  4907.96932 |      0.0 |
|  4911.30377 |      0.0 |
|  4914.63821 |      0.0 |
|  4917.97266 |      0.0 |
|   4921.3071 |      0.0 |
|  4924.64155 |      0.0 |
|  4927.97599 |      0.0 |
|  4931.31044 |      0.0 |
|  4934.64488 |      0.0 |
|  4937.97933 |      0.0 |
|  4941.31377 |      0.0 |
|  4944.64822 |      0.0 |
|  4947.98266 |      0.0 |
|  4951.31711 |      0.0 |
|  4954.65155 |      0.0 |
|    4957.986 |      0.0 |
|  4961.32044 |      0.0 |
|  4964.65488 |      0.0 |
|  4967.98933 |      0.0 |
|  4971.32377 |      0.0 |
|  4974.65822 |      0.0 |
|  4977.99266 |      0.0 |
|  4981.32711 |      0.0 |
|  4984.66155 |      0.0 |
|    4987.996 |      0.0 |
|  4991.33044 |      0.0 |
|  4994.66489 |      0.0 |
|  4997.99933 |      0.0 |
|  5001.33378 |      0.0 |
|  5004.66822 |      0.0 |
|  5008.00267 |      0.0 |
|  5011.33711 |      0.0 |
|  5014.67156 |      0.0 |
|    5018.006 |      0.0 |
|  5021.34045 |      0.0 |
|  5024.67489 |      0.0 |
|  5028.00934 |      0.0 |
|  5031.34378 |      0.0 |
|  5034.67823 |      0.0 |
|  5038.01267 |      0.0 |
|  5041.34712 |      0.0 |
|  5044.68156 |      0.0 |
|  5048.01601 |      0.0 |
|  5051.35045 |      0.0 |
|  5054.68489 |      0.0 |
|  5058.01934 |      0.0 |
|  5061.35378 |      0.0 |
|  5064.68823 |      0.0 |
|  5068.02267 |      0.0 |
|  5071.35712 |      0.0 |
|  5074.69156 |      0.0 |
|  5078.02601 |      0.0 |
|  5081.36045 |      0.0 |
|   5084.6949 |      0.0 |
|  5088.02934 |      0.0 |
|  5091.36379 |      0.0 |
|  5094.69823 |      0.0 |
|  5098.03268 |      0.0 |
|  5101.36712 |      0.0 |
|  5104.70157 |      0.0 |
|  5108.03601 |      0.0 |
|  5111.37046 |      0.0 |
|   5114.7049 |      0.0 |
|  5118.03935 |      0.0 |
|  5121.37379 |      0.0 |
|  5124.70824 |      0.0 |
|  5128.04268 |      0.0 |
|  5131.37713 |      0.0 |
|  5134.71157 |      0.0 |
|  5138.04602 |      0.0 |
|  5141.38046 |      0.0 |
|   5144.7149 |      0.0 |
|  5148.04935 |      0.0 |
|  5151.38379 |      0.0 |
|  5154.71824 |      0.0 |
|  5158.05268 |      0.0 |
|  5161.38713 |      0.0 |
|  5164.72157 |      0.0 |
|  5168.05602 |      0.0 |
|  5171.39046 |      0.0 |
|  5174.72491 |      0.0 |
|  5178.05935 |      0.0 |
|   5181.3938 |      0.0 |
|  5184.72824 |      0.0 |
|  5188.06269 |      0.0 |
|  5191.39713 |      0.0 |
|  5194.73158 |      0.0 |
|  5198.06602 |      0.0 |
|  5201.40047 |      0.0 |
|  5204.73491 |      0.0 |
|  5208.06936 |      0.0 |
|   5211.4038 |      0.0 |
|  5214.73825 |      0.0 |
|  5218.07269 |      0.0 |
|  5221.40714 |      0.0 |
|  5224.74158 |      0.0 |
|  5228.07603 |      0.0 |
|  5231.41047 |      0.0 |
|  5234.74491 |      0.0 |
|  5238.07936 |      0.0 |
|   5241.4138 |      0.0 |
|  5244.74825 |      0.0 |
|  5248.08269 |      0.0 |
|  5251.41714 |      0.0 |
|  5254.75158 |      0.0 |
|  5258.08603 |      0.0 |
|  5261.42047 |      0.0 |
|  5264.75492 |      0.0 |
|  5268.08936 |      0.0 |
|  5271.42381 |      0.0 |
|  5274.75825 |      0.0 |
|   5278.0927 |      0.0 |
|  5281.42714 |      0.0 |
|  5284.76159 |      0.0 |
|  5288.09603 |      0.0 |
|  5291.43048 |      0.0 |
|  5294.76492 |      0.0 |
|  5298.09937 |      0.0 |
|  5301.43381 |      0.0 |
|  5304.76826 |      0.0 |
|   5308.1027 |      0.0 |
|  5311.43715 |      0.0 |
|  5314.77159 |      0.0 |
|  5318.10604 |      0.0 |
|  5321.44048 |      0.0 |
|  5324.77492 |      0.0 |
|  5328.10937 |      0.0 |
|  5331.44381 |      0.0 |
|  5334.77826 |      0.0 |
|   5338.1127 |      0.0 |
|  5341.44715 |      0.0 |
|  5344.78159 |      0.0 |
|  5348.11604 |      0.0 |
|  5351.45048 |      0.0 |
|  5354.78493 |      0.0 |
|  5358.11937 |      0.0 |
|  5361.45382 |      0.0 |
|  5364.78826 |      0.0 |
|  5368.12271 |      0.0 |
|  5371.45715 |      0.0 |
|   5374.7916 |      0.0 |
|  5378.12604 |  0.00106 |
|  5381.46049 |  0.00134 |
|  5384.79493 |  0.00167 |
|  5388.12938 |  0.00208 |
|  5391.46382 |  0.00258 |
|  5394.79827 |  0.00319 |
|  5398.13271 |  0.00392 |
|  5401.46716 |   0.0048 |
|   5404.8016 |  0.00583 |
|  5408.13605 |  0.00704 |
|  5411.47049 |  0.00844 |
|  5414.80493 |  0.01007 |
|  5418.13938 |  0.01193 |
|  5421.47382 |  0.01405 |
|  5424.80827 |  0.01642 |
|  5428.14271 |  0.01909 |
|  5431.47716 |  0.02206 |
|   5434.8116 |  0.02536 |
|  5438.14605 |  0.02896 |
|  5441.48049 |  0.03291 |
|  5444.81494 |  0.03716 |
|  5448.14938 |  0.04176 |
|  5451.48383 |  0.04668 |
|  5454.81827 |   0.0519 |
|  5458.15272 |  0.05742 |
|  5461.48716 |  0.06333 |
|  5464.82161 |  0.06948 |
|  5468.15605 |  0.07595 |
|   5471.4905 |  0.08265 |
|  5474.82494 |  0.08959 |
|  5478.15939 |   0.0968 |
|  5481.49383 |  0.10439 |
|  5484.82828 |  0.11225 |
|  5488.16272 |  0.12044 |
|  5491.49717 |  0.12896 |
|  5494.83161 |   0.1378 |
|  5498.16606 |  0.14684 |
|   5501.5005 |  0.15609 |
|  5504.83494 |  0.16546 |
|  5508.16939 |  0.17497 |
|  5511.50383 |  0.18464 |
|  5514.83828 |  0.19456 |
|  5518.17272 |  0.20465 |
|  5521.50717 |  0.21495 |
|  5524.84161 |  0.22541 |
|  5528.17606 |  0.23594 |
|   5531.5105 |  0.24638 |
|  5534.84495 |  0.25676 |
|  5538.17939 |  0.26701 |
|  5541.51384 |  0.27707 |
|  5544.84828 |  0.28697 |
|  5548.18273 |  0.29662 |
|  5551.51717 |  0.30607 |
|  5554.85162 |  0.31518 |
|  5558.18606 |  0.32392 |
|  5561.52051 |  0.33217 |
|  5564.85495 |  0.33998 |
|   5568.1894 |  0.34727 |
|  5571.52384 |  0.35404 |
|  5574.85829 |  0.36043 |
|  5578.19273 |  0.36643 |
|  5581.52718 |  0.37211 |
|  5584.86162 |  0.37744 |
|  5588.19607 |   0.3825 |
|  5591.53051 |  0.38726 |
|  5594.86495 |  0.39172 |
|   5598.1994 |  0.39605 |
|  5601.53384 |  0.40019 |
|  5604.86829 |  0.40435 |
|  5608.20273 |  0.40854 |
|  5611.53718 |  0.41263 |
|  5614.87162 |  0.41683 |
|  5618.20607 |  0.42096 |
|  5621.54051 |  0.42516 |
|  5624.87496 |  0.42937 |
|   5628.2094 |  0.43364 |
|  5631.54385 |  0.43802 |
|  5634.87829 |   0.4425 |
|  5638.21274 |  0.44702 |
|  5641.54718 |  0.45158 |
|  5644.88163 |  0.45615 |
|  5648.21607 |  0.46076 |
|  5651.55052 |  0.46527 |
|  5654.88496 |  0.46972 |
|  5658.21941 |  0.47408 |
|  5661.55385 |  0.47835 |
|   5664.8883 |  0.48239 |
|  5668.22274 |   0.4862 |
|  5671.55719 |  0.48968 |
|  5674.89163 |  0.49293 |
|  5678.22608 |  0.49537 |
|  5681.56052 |  0.49838 |
|  5684.89496 |  0.50092 |
|  5688.22941 |  0.50301 |
|  5691.56385 |  0.50414 |
|   5694.8983 |  0.50609 |
|  5698.23274 |  0.50733 |
|  5701.56719 |   0.5084 |
|  5704.90163 |  0.50897 |
|  5708.23608 |  0.50949 |
|  5711.57052 |  0.51004 |
|  5714.90497 |   0.5103 |
|  5718.23941 |  0.51052 |
|  5721.57386 |  0.51068 |
|   5724.9083 |  0.51081 |
|  5728.24275 |  0.51023 |
|  5731.57719 |  0.51082 |
|  5734.91164 |  0.51148 |
|  5738.24608 |  0.51235 |
|  5741.58053 |  0.51303 |
|  5744.91497 |  0.51374 |
|  5748.24942 |   0.5148 |
|  5751.58386 |  0.51599 |
|  5754.91831 |  0.51736 |
|  5758.25275 |  0.51893 |
|   5761.5872 |  0.52062 |
|  5764.92164 |  0.52147 |
|  5768.25609 |   0.5248 |
|  5771.59053 |  0.52698 |
|  5774.92497 |  0.52909 |
|  5778.25942 |   0.5316 |
|  5781.59386 |  0.53389 |
|  5784.92831 |  0.53646 |
|  5788.26275 |  0.53896 |
|   5791.5972 |  0.54144 |
|  5794.93164 |  0.54395 |
|  5798.26609 |  0.54691 |
|  5801.60053 |  0.54962 |
|  5804.93498 |  0.55222 |
|  5808.26942 |  0.55453 |
|  5811.60387 |  0.55671 |
|  5814.93831 |  0.55855 |
|  5818.27276 |   0.5602 |
|   5821.6072 |  0.56175 |
|  5824.94165 |  0.56297 |
|  5828.27609 |  0.56413 |
|  5831.61054 |  0.56498 |
|  5834.94498 |  0.56572 |
|  5838.27943 |  0.56629 |
|  5841.61387 |  0.56659 |
|  5844.94832 |  0.56685 |
|  5848.28276 |  0.56699 |
|  5851.61721 |  0.56717 |
|  5854.95165 |  0.56743 |
|   5858.2861 |  0.56776 |
|  5861.62054 |  0.56787 |
|  5864.95498 |  0.56836 |
|  5868.28943 |  0.56886 |
|  5871.62387 |  0.56915 |
|  5874.95832 |  0.56944 |
|  5878.29276 |   0.5694 |
|  5881.62721 |  0.56988 |
|  5884.96165 |  0.57197 |
|   5888.2961 |  0.57074 |
|  5891.63054 |  0.56458 |
|  5894.96499 |   0.5743 |
|  5898.29943 |  0.57009 |
|  5901.63388 |  0.56387 |
|  5904.96832 |  0.57945 |
|  5908.30277 |  0.58213 |
|  5911.63721 |   0.5806 |
|  5914.97166 |  0.58451 |
|   5918.3061 |  0.58484 |
|  5921.64055 |  0.58744 |
|  5924.97499 |  0.58822 |
|  5928.30944 |  0.59085 |
|  5931.64388 |  0.59324 |
|  5934.97833 |  0.59404 |
|  5938.31277 |  0.59539 |
|  5941.64722 |  0.59389 |
|  5944.98166 |  0.59678 |
|  5948.31611 |  0.59299 |
|  5951.65055 |  0.59295 |
|  5954.98499 |  0.59665 |
|  5958.31944 |    0.594 |
|  5961.65388 |  0.59435 |
|  5964.98833 |  0.59616 |
|  5968.32277 |   0.5914 |
|  5971.65722 |   0.5916 |
|  5974.99166 |  0.59364 |
|  5978.32611 |  0.59095 |
|  5981.66055 |  0.59073 |
|    5984.995 |  0.58974 |
|  5988.32944 |  0.58879 |
|  5991.66389 |  0.58793 |
|  5994.99833 |  0.58651 |
|  5998.33278 |  0.58528 |
|  6001.66722 |  0.58274 |
|  6005.00167 |  0.58247 |
|  6008.33611 |  0.58123 |
|  6011.67056 |  0.58006 |
|    6015.005 |  0.57904 |
|  6018.33945 |  0.57825 |
|  6021.67389 |   0.5776 |
|  6025.00834 |   0.5771 |
|  6028.34278 |  0.57675 |
|  6031.67723 |  0.57668 |
|  6035.01167 |  0.57675 |
|  6038.34612 |  0.57702 |
|  6041.68056 |  0.57744 |
|  6045.01501 |  0.57806 |
|  6048.34945 |  0.57884 |
|  6051.68389 |  0.57976 |
|  6055.01834 |  0.58093 |
|  6058.35278 |  0.58216 |
|  6061.68723 |  0.58354 |
|  6065.02167 |  0.58502 |
|  6068.35612 |  0.58649 |
|  6071.69056 |  0.58816 |
|  6075.02501 |   0.5898 |
|  6078.35945 |  0.59147 |
|   6081.6939 |  0.59314 |
|  6085.02834 |  0.59489 |
|  6088.36279 |  0.59662 |
|  6091.69723 |  0.59834 |
|  6095.03168 |  0.60004 |
|  6098.36612 |  0.60171 |
|  6101.70057 |  0.60334 |
|  6105.03501 |  0.60496 |
|  6108.36946 |  0.60643 |
|   6111.7039 |  0.60783 |
|  6115.03835 |  0.60914 |
|  6118.37279 |  0.61035 |
|  6121.70724 |  0.61145 |
|  6125.04168 |  0.61244 |
|  6128.37613 |  0.61336 |
|  6131.71057 |  0.61423 |
|  6135.04502 |  0.61497 |
|  6138.37946 |  0.61576 |
|   6141.7139 |  0.61651 |
|  6145.04835 |   0.6171 |
|  6148.38279 |  0.61771 |
|  6151.71724 |  0.61821 |
|  6155.05168 |  0.61853 |
|  6158.38613 |  0.61888 |
|  6161.72057 |   0.6191 |
|  6165.05502 |  0.61939 |
|  6168.38946 |  0.61961 |
|  6171.72391 |  0.61982 |
|  6175.05835 |  0.62001 |
|   6178.3928 |  0.62019 |
|  6181.72724 |  0.62029 |
|  6185.06169 |  0.62023 |
|  6188.39613 |   0.6202 |
|  6191.73058 |  0.62009 |
|  6195.06502 |  0.62004 |
|  6198.39947 |  0.61972 |
|  6201.73391 |  0.61931 |
|  6205.06836 |  0.61888 |
|   6208.4028 |  0.61842 |
|  6211.73725 |  0.61792 |
|  6215.07169 |  0.61736 |
|  6218.40614 |  0.61673 |
|  6221.74058 |  0.61598 |
|  6225.07503 |   0.6152 |
|  6228.40947 |  0.61441 |
|  6231.74391 |  0.61352 |
|  6235.07836 |   0.6127 |
|   6238.4128 |   0.6119 |
|  6241.74725 |  0.61102 |
|  6245.08169 |  0.61025 |
|  6248.41614 |  0.60937 |
|  6251.75058 |  0.60856 |
|  6255.08503 |  0.60773 |
|  6258.41947 |  0.60678 |
|  6261.75392 |   0.6059 |
|  6265.08836 |  0.60503 |
|  6268.42281 |  0.60407 |
|  6271.75725 |  0.60315 |
|   6275.0917 |  0.60267 |
|  6278.42614 |   0.5798 |
|  6281.76059 |  0.56481 |
|  6285.09503 |  0.60046 |
|  6288.42948 |  0.60045 |
|  6291.76392 |  0.58841 |
|  6295.09837 |  0.59862 |
|  6298.43281 |  0.59958 |
|  6301.76726 |  0.59945 |
|   6305.1017 |  0.59941 |
|  6308.43615 |  0.57984 |
|  6311.77059 |  0.58637 |
|  6315.10504 |   0.5996 |
|  6318.43948 |  0.59933 |
|  6321.77392 |  0.59731 |
|  6325.10837 |  0.60045 |
|  6328.44281 |  0.60073 |
|  6331.77726 |  0.60086 |
|   6335.1117 |  0.60162 |
|  6338.44615 |  0.60295 |
|  6341.78059 |  0.60338 |
|  6345.11504 |  0.60429 |
|  6348.44948 |   0.6042 |
|  6351.78393 |   0.6058 |
|  6355.11837 |  0.60658 |
|  6358.45282 |  0.60735 |
|  6361.78726 |    0.608 |
|  6365.12171 |  0.60867 |
|  6368.45615 |  0.60928 |
|   6371.7906 |  0.60973 |
|  6375.12504 |  0.61001 |
|  6378.45949 |  0.61063 |
|  6381.79393 |  0.61095 |
|  6385.12838 |  0.61118 |
|  6388.46282 |  0.61167 |
|  6391.79727 |  0.61192 |
|  6395.13171 |  0.61221 |
|  6398.46616 |  0.61245 |
|   6401.8006 |   0.6126 |
|  6405.13505 |  0.61271 |
|  6408.46949 |  0.61294 |
|  6411.80393 |  0.61295 |
|  6415.13838 |  0.61295 |
|  6418.47282 |  0.61277 |
|  6421.80727 |    0.613 |
|  6425.14171 |  0.61297 |
|  6428.47616 |  0.61298 |
|   6431.8106 |  0.61276 |
|  6435.14505 |  0.61275 |
|  6438.47949 |  0.61278 |
|  6441.81394 |   0.6123 |
|  6445.14838 |  0.61184 |
|  6448.48283 |  0.61244 |
|  6451.81727 |   0.6124 |
|  6455.15172 |  0.61194 |
|  6458.48616 |  0.61219 |
|  6461.82061 |  0.61028 |
|  6465.15505 |   0.6094 |
|   6468.4895 |  0.60902 |
|  6471.82394 |  0.60878 |
|  6475.15839 |  0.60821 |
|  6478.49283 |  0.61118 |
|  6481.82728 |  0.59787 |
|  6485.16172 |  0.60099 |
|  6488.49617 |  0.60586 |
|  6491.83061 |  0.61356 |
|  6495.16506 |  0.61001 |
|   6498.4995 |  0.61399 |
|  6501.83394 |  0.61406 |
|  6505.16839 |  0.61386 |
|  6508.50283 |  0.61486 |
|  6511.83728 |  0.61514 |
|  6515.17172 |  0.61477 |
|  6518.50617 |  0.58953 |
|  6521.84061 |  0.61562 |
|  6525.17506 |  0.61302 |
|   6528.5095 |  0.61596 |
|  6531.84395 |  0.61596 |
|  6535.17839 |  0.61595 |
|  6538.51284 |  0.61275 |
|  6541.84728 |  0.61594 |
|  6545.18173 |  0.61539 |
|  6548.51617 |   0.6158 |
|  6551.85062 |  0.61554 |
|  6555.18506 |  0.61439 |
|  6558.51951 |  0.61459 |
|  6561.85395 |  0.61456 |
|   6565.1884 |  0.61127 |
|  6568.52284 |  0.61357 |
|  6571.85729 |  0.61322 |
|  6575.19173 |  0.61286 |
|  6578.52618 |  0.61257 |
|  6581.86062 |  0.61221 |
|  6585.19507 |  0.60955 |
|  6588.52951 |  0.60756 |
|  6591.86395 |  0.61093 |
|   6595.1984 |  0.60986 |
|  6598.53284 |  0.60972 |
|  6601.86729 |  0.60964 |
|  6605.20173 |  0.60944 |
|  6608.53618 |  0.60937 |
|  6611.87062 |  0.60918 |
|  6615.20507 |  0.60918 |
|  6618.53951 |  0.60906 |
|  6621.87396 |  0.60897 |
|   6625.2084 |  0.60894 |
|  6628.54285 |  0.60882 |
|  6631.87729 |   0.6091 |
|  6635.21174 |  0.60928 |
|  6638.54618 |  0.60961 |
|  6641.88063 |  0.60994 |
|  6645.21507 |  0.61031 |
|  6648.54952 |  0.61058 |
|  6651.88396 |  0.61102 |
|  6655.21841 |  0.61135 |
|  6658.55285 |  0.61175 |
|   6661.8873 |  0.61217 |
|  6665.22174 |  0.61273 |
|  6668.55619 |  0.61326 |
|  6671.89063 |  0.61382 |
|  6675.22508 |  0.61432 |
|  6678.55952 |  0.61483 |
|  6681.89396 |  0.61549 |
|  6685.22841 |  0.61607 |
|  6688.56285 |  0.61685 |
|   6691.8973 |  0.61751 |
|  6695.23174 |  0.61818 |
|  6698.56619 |  0.61886 |
|  6701.90063 |  0.61947 |
|  6705.23508 |  0.62007 |
|  6708.56952 |  0.62062 |
|  6711.90397 |  0.62115 |
|  6715.23841 |  0.62175 |
|  6718.57286 |  0.62225 |
|   6721.9073 |  0.62273 |
|  6725.24175 |   0.6232 |
|  6728.57619 |   0.6236 |
|  6731.91064 |    0.624 |
|  6735.24508 |  0.62434 |
|  6738.57953 |  0.62464 |
|  6741.91397 |  0.62493 |
|  6745.24842 |   0.6252 |
|  6748.58286 |  0.62539 |
|  6751.91731 |  0.62554 |
|  6755.25175 |  0.62569 |
|   6758.5862 |  0.62581 |
|  6761.92064 |  0.62586 |
|  6765.25509 |   0.6259 |
|  6768.58953 |  0.62597 |
|  6771.92397 |  0.62605 |
|  6775.25842 |  0.62608 |
|  6778.59286 |  0.62608 |
|  6781.92731 |  0.62606 |
|  6785.26175 |  0.62595 |
|   6788.5962 |  0.62573 |
|  6791.93064 |  0.62552 |
|  6795.26509 |  0.62525 |
|  6798.59953 |   0.6249 |
|  6801.93398 |  0.62433 |
|  6805.26842 |  0.62371 |
|  6808.60287 |  0.62281 |
|  6811.93731 |  0.62204 |
|  6815.27176 |   0.6209 |
|   6818.6062 |   0.6197 |
|  6821.94065 |  0.61837 |
|  6825.27509 |  0.61674 |
|  6828.60954 |  0.61503 |
|  6831.94398 |  0.61306 |
|  6835.27843 |  0.61083 |
|  6838.61287 |   0.6083 |
|  6841.94732 |  0.60541 |
|  6845.28176 |  0.60212 |
|  6848.61621 |  0.59848 |
|  6851.95065 |  0.59433 |
|   6855.2851 |  0.58941 |
|  6858.61954 |  0.58472 |
|  6861.95398 |  0.57928 |
|  6865.28843 |  0.57314 |
|  6868.62287 |  0.55449 |
|  6871.95732 |  0.27401 |
|  6875.29176 |  0.50635 |
|  6878.62621 |  0.39591 |
|  6881.96065 |  0.42723 |
|   6885.2951 |  0.51691 |
|  6888.62954 |  0.37183 |
|  6891.96399 |  0.32416 |
|  6895.29843 |  0.29879 |
|  6898.63288 |  0.34681 |
|  6901.96732 |  0.30764 |
|  6905.30177 |  0.45194 |
|  6908.63621 |  0.43924 |
|  6911.97066 |  0.42477 |
|   6915.3051 |  0.37985 |
|  6918.63955 |  0.39836 |
|  6921.97399 |  0.38539 |
|  6925.30844 |  0.33066 |
|  6928.64288 |  0.35242 |
|  6931.97733 |  0.33812 |
|  6935.31177 |  0.32178 |
|  6938.64622 |  0.31481 |
|  6941.98066 |  0.27964 |
|  6945.31511 |  0.28352 |
|  6948.64955 |  0.27029 |
|  6951.98399 |  0.26009 |
|  6955.31844 |  0.24346 |
|  6958.65288 |  0.22793 |
|  6961.98733 |  0.22284 |
|  6965.32177 |  0.21176 |
|  6968.65622 |  0.20079 |
|  6971.99066 |  0.19012 |
|  6975.32511 |  0.17977 |
|  6978.65955 |  0.17018 |
|    6981.994 |  0.16076 |
|  6985.32844 |  0.15196 |
|  6988.66289 |  0.13824 |
|  6991.99733 |  0.13377 |
|  6995.33178 |  0.12262 |
|  6998.66622 |  0.12064 |
|  7002.00067 |   0.1138 |
|  7005.33511 |  0.10725 |
|  7008.66956 |  0.10042 |
|    7012.004 |  0.09439 |
|  7015.33845 |   0.0893 |
|  7018.67289 |  0.08172 |
|  7022.00734 |  0.07911 |
|  7025.34178 |  0.07202 |
|  7028.67623 |  0.06952 |
|  7032.01067 |  0.06626 |
|  7035.34512 |  0.06247 |
|  7038.67956 |  0.05873 |
|    7042.014 |  0.05493 |
|  7045.34845 |  0.05201 |
|  7048.68289 |  0.04849 |
|  7052.01734 |  0.04619 |
|  7055.35178 |  0.04352 |
|  7058.68623 |  0.04072 |
|  7062.02067 |  0.03866 |
|  7065.35512 |  0.03611 |
|  7068.68956 |  0.03424 |
|  7072.02401 |  0.03241 |
|  7075.35845 |  0.03045 |
|   7078.6929 |  0.02882 |
|  7082.02734 |  0.02716 |
|  7085.36179 |  0.02567 |
|  7088.69623 |  0.02423 |
|  7092.03068 |  0.02284 |
|  7095.36512 |  0.02156 |
|  7098.69957 |  0.02033 |
|  7102.03401 |  0.01917 |
|  7105.36846 |  0.01813 |
|   7108.7029 |  0.01711 |
|  7112.03735 |   0.0162 |
|  7115.37179 |  0.01533 |
|  7118.70624 |  0.01451 |
|  7122.04068 |  0.01372 |
|  7125.37513 |  0.01299 |
|  7128.70957 |  0.01229 |
|  7132.04401 |  0.01159 |
|  7135.37846 |  0.01101 |
|   7138.7129 |  0.01042 |
|  7142.04735 |  0.00985 |
|  7145.38179 |  0.00935 |
|  7148.71624 |  0.00887 |
|  7152.05068 |  0.00839 |
|  7155.38513 |  0.00796 |
|  7158.71957 |  0.00755 |
|  7162.05402 |  0.00718 |
|  7165.38846 |  0.00679 |
|  7168.72291 |  0.00639 |
|  7172.05735 |  0.00579 |
|   7175.3918 |  0.00515 |
|  7178.72624 |   0.0054 |
|  7182.06069 |  0.00527 |
|  7185.39513 |  0.00503 |
|  7188.72958 |  0.00428 |
|  7192.06402 |  0.00457 |
|  7195.39847 |  0.00372 |
|  7198.73291 |  0.00409 |
|  7202.06736 |  0.00369 |
|   7205.4018 |  0.00374 |
|  7208.73625 |  0.00344 |
|  7212.07069 |   0.0034 |
|  7215.40514 |  0.00326 |
|  7218.73958 |    0.003 |
|  7222.07402 |  0.00297 |
|  7225.40847 |  0.00269 |
|  7228.74291 |  0.00271 |
|  7232.07736 |  0.00258 |
|   7235.4118 |   0.0024 |
|  7238.74625 |  0.00235 |
|  7242.08069 |  0.00214 |
|  7245.41514 |  0.00177 |
|  7248.74958 |  0.00201 |
|  7252.08403 |  0.00183 |
|  7255.41847 |  0.00164 |
|  7258.75292 |  0.00177 |
|  7262.08736 |  0.00169 |
|  7265.42181 |  0.00161 |
|  7268.75625 |  0.00158 |
|   7272.0907 |  0.00144 |
|  7275.42514 |  0.00143 |
|  7278.75959 |  0.00129 |
|  7282.09403 |  0.00133 |
|  7285.42848 |  0.00127 |
|  7288.76292 |  0.00122 |
|  7292.09737 |  0.00112 |
|  7295.43181 |  0.00108 |
|  7298.76626 |  0.00108 |
|   7302.1007 |      0.0 |
|  7305.43515 |      0.0 |
|  7308.76959 |      0.0 |
|  7312.10403 |      0.0 |
|  7315.43848 |      0.0 |
|  7318.77292 |      0.0 |
|  7322.10737 |      0.0 |
|  7325.44181 |      0.0 |
|  7328.77626 |      0.0 |
|   7332.1107 |      0.0 |
|  7335.44515 |      0.0 |
|  7338.77959 |      0.0 |
|  7342.11404 |      0.0 |
|  7345.44848 |      0.0 |
|  7348.78293 |      0.0 |
|  7352.11737 |      0.0 |
|  7355.45182 |      0.0 |
|  7358.78626 |      0.0 |
|  7362.12071 |      0.0 |
|  7365.45515 |      0.0 |
|   7368.7896 |      0.0 |
|  7372.12404 |      0.0 |
|  7375.45849 |      0.0 |
|  7378.79293 |      0.0 |
|  7382.12738 |      0.0 |
|  7385.46182 |      0.0 |
|  7388.79627 |      0.0 |
|  7392.13071 |      0.0 |
|  7395.46516 |      0.0 |
|   7398.7996 |      0.0 |
|  7402.13404 |      0.0 |
|  7405.46849 |      0.0 |
|  7408.80293 |      0.0 |
|  7412.13738 |      0.0 |
|  7415.47182 |      0.0 |
|  7418.80627 |      0.0 |
|  7422.14071 |      0.0 |
|  7425.47516 |      0.0 |
|   7428.8096 |      0.0 |
|  7432.14405 |      0.0 |
|  7435.47849 |      0.0 |
|  7438.81294 |      0.0 |
|  7442.14738 |      0.0 |
|  7445.48183 |      0.0 |
|  7448.81627 |      0.0 |
|  7452.15072 |      0.0 |
|  7455.48516 |      0.0 |
|  7458.81961 |      0.0 |
|  7462.15405 |      0.0 |
|   7465.4885 |      0.0 |
|  7468.82294 |      0.0 |
|  7472.15739 |      0.0 |
|  7475.49183 |      0.0 |
|  7478.82628 |      0.0 |
|  7482.16072 |      0.0 |
|  7485.49517 |      0.0 |
|  7488.82961 |      0.0 |
|  7492.16405 |      0.0 |
|   7495.4985 |      0.0 |
|  7498.83294 |      0.0 |
|  7502.16739 |      0.0 |
|  7505.50183 |      0.0 |
|  7508.83628 |      0.0 |
|  7512.17072 |      0.0 |
|  7515.50517 |      0.0 |
|  7518.83961 |      0.0 |
|  7522.17406 |      0.0 |
|   7525.5085 |      0.0 |
|  7528.84295 |      0.0 |
|  7532.17739 |      0.0 |
|  7535.51184 |      0.0 |
|  7538.84628 |      0.0 |
|  7542.18073 |      0.0 |
|  7545.51517 |      0.0 |
|  7548.84962 |      0.0 |
|  7552.18406 |      0.0 |
|  7555.51851 |      0.0 |
|  7558.85295 |      0.0 |
|   7562.1874 |      0.0 |
|  7565.52184 |      0.0 |
|  7568.85629 |      0.0 |
|  7572.19073 |      0.0 |
|  7575.52518 |      0.0 |
|  7578.85962 |      0.0 |
|  7582.19406 |      0.0 |
|  7585.52851 |      0.0 |
|  7588.86295 |      0.0 |
|   7592.1974 |      0.0 |
|  7595.53184 |      0.0 |
|  7598.86629 |      0.0 |
|  7602.20073 |      0.0 |
|  7605.53518 |      0.0 |
|  7608.86962 |      0.0 |
|  7612.20407 |      0.0 |
|  7615.53851 |      0.0 |
|  7618.87296 |      0.0 |
|   7622.2074 |      0.0 |
|  7625.54185 |      0.0 |
|  7628.87629 |      0.0 |
|  7632.21074 |      0.0 |
|  7635.54518 |      0.0 |
|  7638.87963 |      0.0 |
|  7642.21407 |      0.0 |
|  7645.54852 |      0.0 |
|  7648.88296 |      0.0 |
|  7652.21741 |      0.0 |
|  7655.55185 |      0.0 |
|   7658.8863 |      0.0 |
|  7662.22074 |      0.0 |
|  7665.55519 |      0.0 |
|  7668.88963 |      0.0 |
|  7672.22407 |      0.0 |
|  7675.55852 |      0.0 |
|  7678.89296 |      0.0 |
|  7682.22741 |      0.0 |
|  7685.56185 |      0.0 |
|   7688.8963 |      0.0 |
|  7692.23074 |      0.0 |
|  7695.56519 |      0.0 |
|  7698.89963 |      0.0 |
|  7702.23408 |      0.0 |
|  7705.56852 |      0.0 |
|  7708.90297 |      0.0 |
|  7712.23741 |      0.0 |
|  7715.57186 |      0.0 |
|   7718.9063 |      0.0 |
|  7722.24075 |      0.0 |
|  7725.57519 |      0.0 |
|  7728.90964 |      0.0 |
|  7732.24408 |      0.0 |
|  7735.57853 |      0.0 |
|  7738.91297 |      0.0 |
|  7742.24742 |      0.0 |
|  7745.58186 |      0.0 |
|  7748.91631 |      0.0 |
|  7752.25075 |      0.0 |
|   7755.5852 |      0.0 |
|  7758.91964 |      0.0 |
|  7762.25408 |      0.0 |
|  7765.58853 |      0.0 |
|  7768.92297 |      0.0 |
|  7772.25742 |      0.0 |
|  7775.59186 |      0.0 |
|  7778.92631 |      0.0 |
|  7782.26075 |      0.0 |
|   7785.5952 |      0.0 |
|  7788.92964 |      0.0 |
|  7792.26409 |      0.0 |
|  7795.59853 |      0.0 |
|  7798.93298 |      0.0 |
|  7802.26742 |      0.0 |
|  7805.60187 |      0.0 |
|  7808.93631 |      0.0 |
|  7812.27076 |      0.0 |
|   7815.6052 |      0.0 |
|  7818.93965 |      0.0 |
|  7822.27409 |      0.0 |
|  7825.60854 |      0.0 |
|  7828.94298 |      0.0 |
|  7832.27743 |      0.0 |
|  7835.61187 |      0.0 |
|  7838.94632 |      0.0 |
|  7842.28076 |      0.0 |
|  7845.61521 |      0.0 |
|  7848.94965 |      0.0 |
|  7852.28409 |      0.0 |
|  7855.61854 |      0.0 |
|  7858.95298 |      0.0 |
|  7862.28743 |      0.0 |
|  7865.62187 |      0.0 |
|  7868.95632 |      0.0 |
|  7872.29076 |      0.0 |
|  7875.62521 |      0.0 |
|  7878.95965 |      0.0 |
|   7882.2941 |      0.0 |
|  7885.62854 |      0.0 |
|  7888.96299 |      0.0 |
|  7892.29743 |      0.0 |
|  7895.63188 |      0.0 |
|  7898.96632 |      0.0 |
|  7902.30077 |      0.0 |
|  7905.63521 |      0.0 |
|  7908.96966 |      0.0 |
|   7912.3041 |      0.0 |
|  7915.63855 |      0.0 |
|  7918.97299 |      0.0 |
|  7922.30744 |      0.0 |
|  7925.64188 |      0.0 |
|  7928.97633 |      0.0 |
|  7932.31077 |      0.0 |
|  7935.64522 |      0.0 |
|  7938.97966 |      0.0 |
|   7942.3141 |      0.0 |
|  7945.64855 |      0.0 |
|  7948.98299 |      0.0 |
|  7952.31744 |      0.0 |
|  7955.65188 |      0.0 |
|  7958.98633 |      0.0 |
|  7962.32077 |      0.0 |
|  7965.65522 |      0.0 |
|  7968.98966 |      0.0 |
|  7972.32411 |      0.0 |
|  7975.65855 |      0.0 |
|    7978.993 |      0.0 |
|  7982.32744 |      0.0 |
|  7985.66189 |      0.0 |
|  7988.99633 |      0.0 |
|  7992.33078 |      0.0 |
|  7995.66522 |      0.0 |
|  7998.99967 |      0.0 |
|  8002.33411 |      0.0 |
|  8005.66856 |      0.0 |
|    8009.003 |      0.0 |
|  8012.33745 |      0.0 |
|  8015.67189 |      0.0 |
|  8019.00634 |      0.0 |
|  8022.34078 |      0.0 |
|  8025.67523 |      0.0 |
|  8029.00967 |      0.0 |
|  8032.34411 |      0.0 |
|  8035.67856 |      0.0 |
|    8039.013 |      0.0 |
|  8042.34745 |      0.0 |
|  8045.68189 |      0.0 |
|  8049.01634 |      0.0 |
|  8052.35078 |      0.0 |
|  8055.68523 |      0.0 |
|  8059.01967 |      0.0 |
|  8062.35412 |      0.0 |
|  8065.68856 |      0.0 |
|  8069.02301 |      0.0 |
|  8072.35745 |      0.0 |
|   8075.6919 |      0.0 |
|  8079.02634 |      0.0 |
|  8082.36079 |      0.0 |
|  8085.69523 |      0.0 |
|  8089.02968 |      0.0 |
|  8092.36412 |      0.0 |
|  8095.69857 |      0.0 |
|  8099.03301 |      0.0 |
|  8102.36746 |      0.0 |
|   8105.7019 |      0.0 |
|  8109.03635 |      0.0 |
|  8112.37079 |      0.0 |
|  8115.70524 |      0.0 |
|  8119.03968 |      0.0 |
|  8122.37412 |      0.0 |
|  8125.70857 |      0.0 |
|  8129.04301 |      0.0 |
|  8132.37746 |      0.0 |
|   8135.7119 |      0.0 |
|  8139.04635 |      0.0 |
|  8142.38079 |      0.0 |
|  8145.71524 |      0.0 |
|  8149.04968 |      0.0 |
|  8152.38413 |      0.0 |
|  8155.71857 |      0.0 |
|  8159.05302 |      0.0 |
|  8162.38746 |      0.0 |
|  8165.72191 |      0.0 |
|  8169.05635 |      0.0 |
|   8172.3908 |      0.0 |
|  8175.72524 |      0.0 |
|  8179.05969 |      0.0 |
|  8182.39413 |      0.0 |
|  8185.72858 |      0.0 |
|  8189.06302 |      0.0 |
|  8192.39747 |      0.0 |
|  8195.73191 |      0.0 |
|  8199.06636 |      0.0 |
|   8202.4008 |      0.0 |
|  8205.73525 |      0.0 |
|  8209.06969 |      0.0 |
|  8212.40413 |      0.0 |
|  8215.73858 |      0.0 |
|  8219.07302 |      0.0 |
|  8222.40747 |      0.0 |
|  8225.74191 |      0.0 |
|  8229.07636 |      0.0 |
|   8232.4108 |      0.0 |
|  8235.74525 |      0.0 |
|  8239.07969 |      0.0 |
|  8242.41414 |      0.0 |
|  8245.74858 |      0.0 |
|  8249.08303 |      0.0 |
|  8252.41747 |      0.0 |
|  8255.75192 |      0.0 |
|  8259.08636 |      0.0 |
|  8262.42081 |      0.0 |
|  8265.75525 |      0.0 |
|   8269.0897 |      0.0 |
|  8272.42414 |      0.0 |
|  8275.75859 |      0.0 |
|  8279.09303 |      0.0 |
|  8282.42748 |      0.0 |
|  8285.76192 |      0.0 |
|  8289.09637 |      0.0 |
|  8292.43081 |      0.0 |
|  8295.76526 |      0.0 |
|   8299.0997 |      0.0 |
|  8302.43414 |      0.0 |
|  8305.76859 |      0.0 |
|  8309.10303 |      0.0 |
|  8312.43748 |      0.0 |
|  8315.77192 |      0.0 |
|  8319.10637 |      0.0 |
|  8322.44081 |      0.0 |
|  8325.77526 |      0.0 |
|   8329.1097 |      0.0 |
|  8332.44415 |      0.0 |
|  8335.77859 |      0.0 |
|  8339.11304 |      0.0 |
|  8342.44748 |      0.0 |
|  8345.78193 |      0.0 |
|  8349.11637 |      0.0 |
|  8352.45082 |      0.0 |
|  8355.78526 |      0.0 |
|  8359.11971 |      0.0 |
|  8362.45415 |      0.0 |
|   8365.7886 |      0.0 |
|  8369.12304 |      0.0 |
|  8372.45749 |      0.0 |
|  8375.79193 |      0.0 |
|  8379.12638 |      0.0 |
|  8382.46082 |      0.0 |
|  8385.79527 |      0.0 |
|  8389.12971 |      0.0 |
|  8392.46415 |      0.0 |
|   8395.7986 |      0.0 |
|  8399.13304 |      0.0 |
|  8402.46749 |      0.0 |
|  8405.80193 |      0.0 |
|  8409.13638 |      0.0 |
|  8412.47082 |      0.0 |
|  8415.80527 |      0.0 |
|  8419.13971 |      0.0 |
|  8422.47416 |      0.0 |
|   8425.8086 |      0.0 |
|  8429.14305 |      0.0 |
|  8432.47749 |      0.0 |
|  8435.81194 |      0.0 |
|  8439.14638 |      0.0 |
|  8442.48083 |      0.0 |
|  8445.81527 |      0.0 |
|  8449.14972 |      0.0 |
|  8452.48416 |      0.0 |
|  8455.81861 |      0.0 |
|  8459.15305 |      0.0 |
|   8462.4875 |      0.0 |
|  8465.82194 |      0.0 |
|  8469.15639 |      0.0 |
|  8472.49083 |      0.0 |
|  8475.82528 |      0.0 |
|  8479.15972 |      0.0 |
|  8482.49416 |      0.0 |
|  8485.82861 |      0.0 |
|  8489.16305 |      0.0 |
|   8492.4975 |      0.0 |
|  8495.83194 |      0.0 |
|  8499.16639 |      0.0 |
|  8502.50083 |      0.0 |
|  8505.83528 |      0.0 |
|  8509.16972 |      0.0 |
|  8512.50417 |      0.0 |
|  8515.83861 |      0.0 |
|  8519.17306 |      0.0 |
|   8522.5075 |      0.0 |
|  8525.84195 |      0.0 |
|  8529.17639 |      0.0 |
|  8532.51084 |      0.0 |
|  8535.84528 |      0.0 |
|  8539.17973 |      0.0 |
|  8542.51417 |      0.0 |
|  8545.84862 |      0.0 |
|  8549.18306 |      0.0 |
|  8552.51751 |      0.0 |
|  8555.85195 |      0.0 |
|   8559.1864 |      0.0 |
|  8562.52084 |      0.0 |
|  8565.85529 |      0.0 |
|  8569.18973 |      0.0 |
|  8572.52417 |      0.0 |
|  8575.85862 |      0.0 |
|  8579.19306 |      0.0 |
|  8582.52751 |      0.0 |
|  8585.86195 |      0.0 |
|   8589.1964 |      0.0 |
|  8592.53084 |      0.0 |
|  8595.86529 |      0.0 |
|  8599.19973 |      0.0 |
|  8602.53418 |      0.0 |
|  8605.86862 |      0.0 |
|  8609.20307 |      0.0 |
|  8612.53751 |      0.0 |
|  8615.87196 |      0.0 |
|   8619.2064 |      0.0 |
|  8622.54085 |      0.0 |
|  8625.87529 |      0.0 |
|  8629.20974 |      0.0 |
|  8632.54418 |      0.0 |
|  8635.87863 |      0.0 |
|  8639.21307 |      0.0 |
|  8642.54752 |      0.0 |
|  8645.88196 |      0.0 |
|  8649.21641 |      0.0 |
|  8652.55085 |      0.0 |
|   8655.8853 |      0.0 |
|  8659.21974 |      0.0 |
|  8662.55418 |      0.0 |
|  8665.88863 |      0.0 |
|  8669.22307 |      0.0 |
|  8672.55752 |      0.0 |
|  8675.89196 |      0.0 |
|  8679.22641 |      0.0 |
|  8682.56085 |      0.0 |
|   8685.8953 |      0.0 |
|  8689.22974 |      0.0 |
|  8692.56419 |      0.0 |
|  8695.89863 |      0.0 |
|  8699.23308 |      0.0 |
|  8702.56752 |      0.0 |
|  8705.90197 |      0.0 |
|  8709.23641 |      0.0 |
|  8712.57086 |      0.0 |
|   8715.9053 |      0.0 |
|  8719.23975 |      0.0 |
|  8722.57419 |      0.0 |
|  8725.90864 |      0.0 |
|  8729.24308 |      0.0 |
|  8732.57753 |      0.0 |
|  8735.91197 |      0.0 |
|  8739.24642 |      0.0 |
|  8742.58086 |      0.0 |
|  8745.91531 |      0.0 |
|  8749.24975 |      0.0 |
|  8752.58419 |      0.0 |
|  8755.91864 |      0.0 |
|  8759.25308 |      0.0 |
|  8762.58753 |      0.0 |
|  8765.92197 |      0.0 |
|  8769.25642 |      0.0 |
|  8772.59086 |      0.0 |
|  8775.92531 |      0.0 |
|  8779.25975 |      0.0 |
|   8782.5942 |      0.0 |
|  8785.92864 |      0.0 |
|  8789.26309 |      0.0 |
|  8792.59753 |      0.0 |
|  8795.93198 |      0.0 |
|  8799.26642 |      0.0 |
|  8802.60087 |      0.0 |
|  8805.93531 |      0.0 |
|  8809.26976 |      0.0 |
|   8812.6042 |      0.0 |
|  8815.93865 |      0.0 |
|  8819.27309 |      0.0 |
|  8822.60754 |      0.0 |
|  8825.94198 |      0.0 |
|  8829.27643 |      0.0 |
|  8832.61087 |      0.0 |
|  8835.94532 |      0.0 |
|  8839.27976 |      0.0 |
|   8842.6142 |      0.0 |
|  8845.94865 |      0.0 |
|  8849.28309 |      0.0 |
|  8852.61754 |      0.0 |
|  8855.95198 |      0.0 |
|  8859.28643 |      0.0 |
|  8862.62087 |      0.0 |
|  8865.95532 |      0.0 |
|  8869.28976 |      0.0 |
|  8872.62421 |      0.0 |
|  8875.95865 |      0.0 |
|   8879.2931 |      0.0 |
|  8882.62754 |      0.0 |
|  8885.96199 |      0.0 |
|  8889.29643 |      0.0 |
|  8892.63088 |      0.0 |
|  8895.96532 |      0.0 |
|  8899.29977 |      0.0 |
|  8902.63421 |      0.0 |
|  8905.96866 |      0.0 |
|   8909.3031 |      0.0 |
|  8912.63755 |      0.0 |
|  8915.97199 |      0.0 |
|  8919.30644 |      0.0 |
|  8922.64088 |      0.0 |
|  8925.97533 |      0.0 |
|  8929.30977 |      0.0 |
|  8932.64421 |      0.0 |
|  8935.97866 |      0.0 |
|   8939.3131 |      0.0 |
|  8942.64755 |      0.0 |
|  8945.98199 |      0.0 |
|  8949.31644 |      0.0 |
|  8952.65088 |      0.0 |
|  8955.98533 |      0.0 |
|  8959.31977 |      0.0 |
|  8962.65422 |      0.0 |
|  8965.98866 |      0.0 |
|  8969.32311 |      0.0 |
|  8972.65755 |      0.0 |
|    8975.992 |      0.0 |
|  8979.32644 |      0.0 |
|  8982.66089 |      0.0 |
|  8985.99533 |      0.0 |
|  8989.32978 |      0.0 |
|  8992.66422 |      0.0 |
|  8995.99867 |      0.0 |
|  8999.33311 |      0.0 |
|  9002.66756 |      0.0 |
|    9006.002 |      0.0 |
|  9009.33645 |      0.0 |
|  9012.67089 |      0.0 |
|  9016.00534 |      0.0 |
|  9019.33978 |      0.0 |
|  9022.67422 |      0.0 |
|  9026.00867 |      0.0 |
|  9029.34311 |      0.0 |
|  9032.67756 |      0.0 |
|    9036.012 |      0.0 |
|  9039.34645 |      0.0 |
|  9042.68089 |      0.0 |
|  9046.01534 |      0.0 |
|  9049.34978 |      0.0 |
|  9052.68423 |      0.0 |
|  9056.01867 |      0.0 |
|  9059.35312 |      0.0 |
|  9062.68756 |      0.0 |
|  9066.02201 |      0.0 |
|  9069.35645 |      0.0 |
|   9072.6909 |      0.0 |
|  9076.02534 |      0.0 |
|  9079.35979 |      0.0 |
|  9082.69423 |      0.0 |
|  9086.02868 |      0.0 |
|  9089.36312 |      0.0 |
|  9092.69757 |      0.0 |
|  9096.03201 |      0.0 |
|  9099.36646 |      0.0 |
|   9102.7009 |      0.0 |
|  9106.03535 |      0.0 |
|  9109.36979 |      0.0 |
|  9112.70423 |      0.0 |
|  9116.03868 |      0.0 |
|  9119.37312 |      0.0 |
|  9122.70757 |      0.0 |
|  9126.04201 |      0.0 |
|  9129.37646 |      0.0 |
|   9132.7109 |      0.0 |
|  9136.04535 |      0.0 |
|  9139.37979 |      0.0 |
|  9142.71424 |      0.0 |
|  9146.04868 |      0.0 |
|  9149.38313 |      0.0 |
|  9152.71757 |      0.0 |
|  9156.05202 |      0.0 |
|  9159.38646 |      0.0 |
|  9162.72091 |      0.0 |
|  9166.05535 |      0.0 |
|   9169.3898 |      0.0 |
|  9172.72424 |      0.0 |
|  9176.05869 |      0.0 |
|  9179.39313 |      0.0 |
|  9182.72758 |      0.0 |
|  9186.06202 |      0.0 |
|  9189.39647 |      0.0 |
|  9192.73091 |      0.0 |
|  9196.06536 |      0.0 |
|   9199.3998 |      0.0 |
|  9202.73424 |      0.0 |
|  9206.06869 |      0.0 |
|  9209.40313 |      0.0 |
|  9212.73758 |      0.0 |
|  9216.07202 |      0.0 |
|  9219.40647 |      0.0 |
|  9222.74091 |      0.0 |
|  9226.07536 |      0.0 |
|   9229.4098 |      0.0 |
|  9232.74425 |      0.0 |
|  9236.07869 |      0.0 |
|  9239.41314 |      0.0 |
|  9242.74758 |      0.0 |
|  9246.08203 |      0.0 |
|  9249.41647 |      0.0 |
|  9252.75092 |      0.0 |
|  9256.08536 |      0.0 |
|  9259.41981 |      0.0 |
|  9262.75425 |      0.0 |
|   9266.0887 |      0.0 |
|  9269.42314 |      0.0 |
|  9272.75759 |      0.0 |
|  9276.09203 |      0.0 |
|  9279.42648 |      0.0 |
|  9282.76092 |      0.0 |
|  9286.09537 |      0.0 |
|  9289.42981 |      0.0 |
|  9292.76425 |      0.0 |
|   9296.0987 |      0.0 |
|  9299.43314 |      0.0 |
|  9302.76759 |      0.0 |
|  9306.10203 |      0.0 |
|  9309.43648 |      0.0 |
|  9312.77092 |      0.0 |
|  9316.10537 |      0.0 |
|  9319.43981 |      0.0 |
|  9322.77426 |      0.0 |
|   9326.1087 |      0.0 |
|  9329.44315 |      0.0 |
|  9332.77759 |      0.0 |
|  9336.11204 |      0.0 |
|  9339.44648 |      0.0 |
|  9342.78093 |      0.0 |
|  9346.11537 |      0.0 |
|  9349.44982 |      0.0 |
|  9352.78426 |      0.0 |
|  9356.11871 |      0.0 |
|  9359.45315 |      0.0 |
|   9362.7876 |      0.0 |
|  9366.12204 |      0.0 |
|  9369.45649 |      0.0 |
|  9372.79093 |      0.0 |
|  9376.12538 |      0.0 |
|  9379.45982 |      0.0 |
|  9382.79426 |      0.0 |
|  9386.12871 |      0.0 |
|  9389.46315 |      0.0 |
|   9392.7976 |      0.0 |
|  9396.13204 |      0.0 |
|  9399.46649 |      0.0 |
|  9402.80093 |      0.0 |
|  9406.13538 |      0.0 |
|  9409.46982 |      0.0 |
|  9412.80427 |      0.0 |
|  9416.13871 |      0.0 |
|  9419.47316 |      0.0 |
|   9422.8076 |      0.0 |
|  9426.14205 |      0.0 |
|  9429.47649 |      0.0 |
|  9432.81094 |      0.0 |
|  9436.14538 |      0.0 |
|  9439.47983 |      0.0 |
|  9442.81427 |      0.0 |
|  9446.14872 |      0.0 |
|  9449.48316 |      0.0 |
|  9452.81761 |      0.0 |
|  9456.15205 |      0.0 |
|   9459.4865 |      0.0 |
|  9462.82094 |      0.0 |
|  9466.15539 |      0.0 |
|  9469.48983 |      0.0 |
|  9472.82427 |      0.0 |
|  9476.15872 |      0.0 |
|  9479.49316 |      0.0 |
|  9482.82761 |      0.0 |
|  9486.16205 |      0.0 |
|   9489.4965 |      0.0 |
|  9492.83094 |      0.0 |
|  9496.16539 |      0.0 |
|  9499.49983 |      0.0 |
|  9502.83428 |      0.0 |
|  9506.16872 |      0.0 |
|  9509.50317 |      0.0 |
|  9512.83761 |      0.0 |
|  9516.17206 |      0.0 |
|   9519.5065 |      0.0 |
|  9522.84095 |      0.0 |
|  9526.17539 |      0.0 |
|  9529.50984 |      0.0 |
|  9532.84428 |      0.0 |
|  9536.17873 |      0.0 |
|  9539.51317 |      0.0 |
|  9542.84762 |      0.0 |
|  9546.18206 |      0.0 |
|  9549.51651 |      0.0 |
|  9552.85095 |      0.0 |
|   9556.1854 |      0.0 |
|  9559.51984 |      0.0 |
|  9562.85428 |      0.0 |
|  9566.18873 |      0.0 |
|  9569.52317 |      0.0 |
|  9572.85762 |      0.0 |
|  9576.19206 |      0.0 |
|  9579.52651 |      0.0 |
|  9582.86095 |      0.0 |
|   9586.1954 |      0.0 |
|  9589.52984 |      0.0 |
|  9592.86429 |      0.0 |
|  9596.19873 |      0.0 |
|  9599.53318 |      0.0 |
|  9602.86762 |      0.0 |
|  9606.20207 |      0.0 |
|  9609.53651 |      0.0 |
|  9612.87096 |      0.0 |
|   9616.2054 |      0.0 |
|  9619.53985 |      0.0 |
|  9622.87429 |      0.0 |
|  9626.20874 |      0.0 |
|  9629.54318 |      0.0 |
|  9632.87763 |      0.0 |
|  9636.21207 |      0.0 |
|  9639.54652 |      0.0 |
|  9642.88096 |      0.0 |
|  9646.21541 |      0.0 |
|  9649.54985 |      0.0 |
|  9652.88429 |      0.0 |
|  9656.21874 |      0.0 |
|  9659.55318 |      0.0 |
|  9662.88763 |      0.0 |
|  9666.22207 |      0.0 |
|  9669.55652 |      0.0 |
|  9672.89096 |      0.0 |
|  9676.22541 |      0.0 |
|  9679.55985 |      0.0 |
|   9682.8943 |      0.0 |
|  9686.22874 |      0.0 |
|  9689.56319 |      0.0 |
|  9692.89763 |      0.0 |
|  9696.23208 |      0.0 |
|  9699.56652 |      0.0 |
|  9702.90097 |      0.0 |
|  9706.23541 |      0.0 |
|  9709.56986 |      0.0 |
|   9712.9043 |      0.0 |
|  9716.23875 |      0.0 |
|  9719.57319 |      0.0 |
|  9722.90764 |      0.0 |
|  9726.24208 |      0.0 |
|  9729.57653 |      0.0 |
|  9732.91097 |      0.0 |
|  9736.24542 |      0.0 |
|  9739.57986 |      0.0 |
|   9742.9143 |      0.0 |
|  9746.24875 |      0.0 |
|  9749.58319 |      0.0 |
|  9752.91764 |      0.0 |
|  9756.25208 |      0.0 |
|  9759.58653 |      0.0 |
|  9762.92097 |      0.0 |
|  9766.25542 |      0.0 |
|  9769.58986 |      0.0 |
|  9772.92431 |      0.0 |
|  9776.25875 |      0.0 |
|   9779.5932 |      0.0 |
|  9782.92764 |      0.0 |
|  9786.26209 |      0.0 |
|  9789.59653 |      0.0 |
|  9792.93098 |      0.0 |
|  9796.26542 |      0.0 |
|  9799.59987 |      0.0 |
|  9802.93431 |      0.0 |
|  9806.26876 |      0.0 |
|   9809.6032 |      0.0 |
|  9812.93765 |      0.0 |
|  9816.27209 |      0.0 |
|  9819.60654 |      0.0 |
|  9822.94098 |      0.0 |
|  9826.27543 |      0.0 |
|  9829.60987 |      0.0 |
|  9832.94431 |      0.0 |
|  9836.27876 |      0.0 |
|   9839.6132 |      0.0 |
|  9842.94765 |      0.0 |
|  9846.28209 |      0.0 |
|  9849.61654 |      0.0 |
|  9852.95098 |      0.0 |
|  9856.28543 |      0.0 |
|  9859.61987 |      0.0 |
|  9862.95432 |      0.0 |
|  9866.28876 |      0.0 |
|  9869.62321 |      0.0 |
|  9872.95765 |      0.0 |
|   9876.2921 |      0.0 |
|  9879.62654 |      0.0 |
|  9882.96099 |      0.0 |
|  9886.29543 |      0.0 |
|  9889.62988 |      0.0 |
|  9892.96432 |      0.0 |
|  9896.29877 |      0.0 |
|  9899.63321 |      0.0 |
|  9902.96766 |      0.0 |
|   9906.3021 |      0.0 |
|  9909.63655 |      0.0 |
|  9912.97099 |      0.0 |
|  9916.30544 |      0.0 |
|  9919.63988 |      0.0 |
|  9922.97432 |      0.0 |
|  9926.30877 |      0.0 |
|  9929.64321 |      0.0 |
|  9932.97766 |      0.0 |
|   9936.3121 |      0.0 |
|  9939.64655 |      0.0 |
|  9942.98099 |      0.0 |
|  9946.31544 |      0.0 |
|  9949.64988 |      0.0 |
|  9952.98433 |      0.0 |
|  9956.31877 |      0.0 |
|  9959.65322 |      0.0 |
|  9962.98766 |      0.0 |
|  9966.32211 |      0.0 |
|  9969.65655 |      0.0 |
|    9972.991 |      0.0 |
|  9976.32544 |      0.0 |
|  9979.65989 |      0.0 |
|  9982.99433 |      0.0 |
|  9986.32878 |      0.0 |
|  9989.66322 |      0.0 |
|  9992.99767 |      0.0 |
|  9996.33211 |      0.0 |
|  9999.66656 |      0.0 |
|   10003.001 |      0.0 |
| 10006.33545 |      0.0 |
| 10009.66989 |      0.0 |
| 10013.00433 |      0.0 |
| 10016.33878 |      0.0 |
| 10019.67322 |      0.0 |
| 10023.00767 |      0.0 |
| 10026.34211 |      0.0 |
| 10029.67656 |      0.0 |
|   10033.011 |      0.0 |
| 10036.34545 |      0.0 |
| 10039.67989 |      0.0 |
| 10043.01434 |      0.0 |
| 10046.34878 |      0.0 |
| 10049.68323 |      0.0 |
| 10053.01767 |      0.0 |
| 10056.35212 |      0.0 |
| 10059.68656 |      0.0 |
| 10063.02101 |      0.0 |
| 10066.35545 |      0.0 |
|  10069.6899 |      0.0 |
| 10073.02434 |      0.0 |
| 10076.35879 |      0.0 |
| 10079.69323 |      0.0 |
| 10083.02768 |      0.0 |
| 10086.36212 |      0.0 |
| 10089.69657 |      0.0 |
| 10093.03101 |      0.0 |
| 10096.36546 |      0.0 |
|  10099.6999 |      0.0 |
| 10103.03434 |      0.0 |
| 10106.36879 |      0.0 |
| 10109.70323 |      0.0 |
| 10113.03768 |      0.0 |
| 10116.37212 |      0.0 |
| 10119.70657 |      0.0 |
| 10123.04101 |      0.0 |
| 10126.37546 |      0.0 |
|  10129.7099 |      0.0 |
| 10133.04435 |      0.0 |
| 10136.37879 |      0.0 |
| 10139.71324 |      0.0 |
| 10143.04768 |      0.0 |
| 10146.38213 |      0.0 |
| 10149.71657 |      0.0 |
| 10153.05102 |      0.0 |
| 10156.38546 |      0.0 |
| 10159.71991 |      0.0 |
| 10163.05435 |      0.0 |
|  10166.3888 |      0.0 |
| 10169.72324 |      0.0 |
| 10173.05769 |      0.0 |
| 10176.39213 |      0.0 |
| 10179.72658 |      0.0 |
| 10183.06102 |      0.0 |
| 10186.39547 |      0.0 |
| 10189.72991 |      0.0 |
| 10193.06435 |      0.0 |
|  10196.3988 |      0.0 |
| 10199.73324 |      0.0 |
| 10203.06769 |      0.0 |
| 10206.40213 |      0.0 |
| 10209.73658 |      0.0 |
| 10213.07102 |      0.0 |
| 10216.40547 |      0.0 |
| 10219.73991 |      0.0 |
| 10223.07436 |      0.0 |
|  10226.4088 |      0.0 |
| 10229.74325 |      0.0 |
| 10233.07769 |      0.0 |
| 10236.41214 |      0.0 |
| 10239.74658 |      0.0 |
| 10243.08103 |      0.0 |
| 10246.41547 |      0.0 |
| 10249.74992 |      0.0 |
| 10253.08436 |      0.0 |
| 10256.41881 |      0.0 |
| 10259.75325 |      0.0 |
|  10263.0877 |      0.0 |
| 10266.42214 |      0.0 |
| 10269.75659 |      0.0 |
| 10273.09103 |      0.0 |
| 10276.42548 |      0.0 |
| 10279.75992 |      0.0 |
| 10283.09436 |      0.0 |
| 10286.42881 |      0.0 |
| 10289.76325 |      0.0 |
|  10293.0977 |      0.0 |
| 10296.43214 |      0.0 |
| 10299.76659 |      0.0 |
| 10303.10103 |      0.0 |
| 10306.43548 |      0.0 |
| 10309.76992 |      0.0 |
| 10313.10437 |      0.0 |
| 10316.43881 |      0.0 |
| 10319.77326 |      0.0 |
|  10323.1077 |      0.0 |
| 10326.44215 |      0.0 |
| 10329.77659 |      0.0 |
| 10333.11104 |      0.0 |
| 10336.44548 |      0.0 |
| 10339.77993 |      0.0 |
| 10343.11437 |      0.0 |
| 10346.44882 |      0.0 |
| 10349.78326 |      0.0 |
| 10353.11771 |      0.0 |
| 10356.45215 |      0.0 |
|  10359.7866 |      0.0 |
| 10363.12104 |      0.0 |
| 10366.45549 |      0.0 |
| 10369.78993 |      0.0 |
| 10373.12437 |      0.0 |
| 10376.45882 |      0.0 |
| 10379.79326 |      0.0 |
| 10383.12771 |      0.0 |
| 10386.46215 |      0.0 |
|  10389.7966 |      0.0 |
| 10393.13104 |      0.0 |
| 10396.46549 |      0.0 |
| 10399.79993 |      0.0 |
| 10403.13438 |      0.0 |
| 10406.46882 |      0.0 |
| 10409.80327 |      0.0 |
| 10413.13771 |      0.0 |
| 10416.47216 |      0.0 |
|  10419.8066 |      0.0 |
| 10423.14105 |      0.0 |
| 10426.47549 |      0.0 |
| 10429.80994 |      0.0 |
| 10433.14438 |      0.0 |
| 10436.47883 |      0.0 |
| 10439.81327 |      0.0 |
| 10443.14772 |      0.0 |
| 10446.48216 |      0.0 |
| 10449.81661 |      0.0 |
| 10453.15105 |      0.0 |
|  10456.4855 |      0.0 |
| 10459.81994 |      0.0 |
| 10463.15438 |      0.0 |
| 10466.48883 |      0.0 |
| 10469.82327 |      0.0 |
| 10473.15772 |      0.0 |
| 10476.49216 |      0.0 |
| 10479.82661 |      0.0 |
| 10483.16105 |      0.0 |
|  10486.4955 |      0.0 |
| 10489.82994 |      0.0 |
| 10493.16439 |      0.0 |
| 10496.49883 |      0.0 |
| 10499.83328 |      0.0 |
| 10503.16772 |      0.0 |
| 10506.50217 |      0.0 |
| 10509.83661 |      0.0 |
| 10513.17106 |      0.0 |
|  10516.5055 |      0.0 |
| 10519.83995 |      0.0 |
| 10523.17439 |      0.0 |
| 10526.50884 |      0.0 |
| 10529.84328 |      0.0 |
| 10533.17773 |      0.0 |
| 10536.51217 |      0.0 |
| 10539.84662 |      0.0 |
| 10543.18106 |      0.0 |
| 10546.51551 |      0.0 |
| 10549.84995 |      0.0 |
| 10553.18439 |      0.0 |
| 10556.51884 |      0.0 |
| 10559.85328 |      0.0 |
| 10563.18773 |      0.0 |
| 10566.52217 |      0.0 |
| 10569.85662 |      0.0 |
| 10573.19106 |      0.0 |
| 10576.52551 |      0.0 |
| 10579.85995 |      0.0 |
|  10583.1944 |      0.0 |
| 10586.52884 |      0.0 |
| 10589.86329 |      0.0 |
| 10593.19773 |      0.0 |
| 10596.53218 |      0.0 |
| 10599.86662 |      0.0 |
| 10603.20107 |      0.0 |
| 10606.53551 |      0.0 |
| 10609.86996 |      0.0 |
|  10613.2044 |      0.0 |
| 10616.53885 |      0.0 |
| 10619.87329 |      0.0 |
| 10623.20774 |      0.0 |
| 10626.54218 |      0.0 |
| 10629.87663 |      0.0 |
| 10633.21107 |      0.0 |
| 10636.54552 |      0.0 |
| 10639.87996 |      0.0 |
|  10643.2144 |      0.0 |
| 10646.54885 |      0.0 |
| 10649.88329 |      0.0 |
| 10653.21774 |      0.0 |
| 10656.55218 |      0.0 |
| 10659.88663 |      0.0 |
| 10663.22107 |      0.0 |
| 10666.55552 |      0.0 |
| 10669.88996 |      0.0 |
| 10673.22441 |      0.0 |
| 10676.55885 |      0.0 |
|  10679.8933 |      0.0 |
| 10683.22774 |      0.0 |
| 10686.56219 |      0.0 |
| 10689.89663 |      0.0 |
| 10693.23108 |      0.0 |
| 10696.56552 |      0.0 |
| 10699.89997 |      0.0 |
| 10703.23441 |      0.0 |
| 10706.56886 |      0.0 |
|  10709.9033 |      0.0 |
| 10713.23775 |      0.0 |
| 10716.57219 |      0.0 |
| 10719.90664 |      0.0 |
| 10723.24108 |      0.0 |
| 10726.57553 |      0.0 |
| 10729.90997 |      0.0 |
| 10733.24441 |      0.0 |
| 10736.57886 |      0.0 |
|  10739.9133 |      0.0 |
| 10743.24775 |      0.0 |
| 10746.58219 |      0.0 |
| 10749.91664 |      0.0 |
| 10753.25108 |      0.0 |
| 10756.58553 |      0.0 |
| 10759.91997 |      0.0 |
| 10763.25442 |      0.0 |
| 10766.58886 |      0.0 |
| 10769.92331 |      0.0 |
| 10773.25775 |      0.0 |
|  10776.5922 |      0.0 |
| 10779.92664 |      0.0 |
| 10783.26109 |      0.0 |
| 10786.59553 |      0.0 |
| 10789.92998 |      0.0 |
| 10793.26442 |      0.0 |
| 10796.59887 |      0.0 |
| 10799.93331 |      0.0 |
| 10803.26776 |      0.0 |
|  10806.6022 |      0.0 |
| 10809.93665 |      0.0 |
| 10813.27109 |      0.0 |
| 10816.60554 |      0.0 |
| 10819.93998 |      0.0 |
| 10823.27442 |      0.0 |
| 10826.60887 |      0.0 |
| 10829.94331 |      0.0 |
| 10833.27776 |      0.0 |
|  10836.6122 |      0.0 |
| 10839.94665 |      0.0 |
| 10843.28109 |      0.0 |
| 10846.61554 |      0.0 |
| 10849.94998 |      0.0 |
| 10853.28443 |      0.0 |
| 10856.61887 |      0.0 |
| 10859.95332 |      0.0 |
| 10863.28776 |      0.0 |
| 10866.62221 |      0.0 |
| 10869.95665 |      0.0 |
|  10873.2911 |      0.0 |
| 10876.62554 |      0.0 |
| 10879.95999 |      0.0 |
| 10883.29443 |      0.0 |
| 10886.62888 |      0.0 |
| 10889.96332 |      0.0 |
| 10893.29777 |      0.0 |
| 10896.63221 |      0.0 |
| 10899.96666 |      0.0 |
|  10903.3011 |      0.0 |
| 10906.63555 |      0.0 |
| 10909.96999 |      0.0 |
| 10913.30443 |      0.0 |
| 10916.63888 |      0.0 |
| 10919.97332 |      0.0 |
| 10923.30777 |      0.0 |
| 10926.64221 |      0.0 |
| 10929.97666 |      0.0 |
|  10933.3111 |      0.0 |
| 10936.64555 |      0.0 |
| 10939.97999 |      0.0 |
| 10943.31444 |      0.0 |
| 10946.64888 |      0.0 |
| 10949.98333 |      0.0 |
| 10953.31777 |      0.0 |
| 10956.65222 |      0.0 |
| 10959.98666 |      0.0 |
| 10963.32111 |      0.0 |
| 10966.65555 |      0.0 |
|    10969.99 |      0.0 |
| 10973.32444 |      0.0 |
| 10976.65889 |      0.0 |
| 10979.99333 |      0.0 |
| 10983.32778 |      0.0 |
| 10986.66222 |      0.0 |
| 10989.99667 |      0.0 |
| 10993.33111 |      0.0 |
| 10996.66556 |      0.0 |
|     11000.0 |      0.0 |
